[gd_scene load_steps=12 format=3 uid="uid://cruqta0htng16"]

[ext_resource type="Script" path="res://3d/BakeOnReady.gd" id="1_3bjo4"]
[ext_resource type="PackedScene" uid="uid://b2dlrm0lfb03t" path="res://3d/utils/Environment.tscn" id="1_betdk"]
[ext_resource type="PackedScene" uid="uid://br4xm0pj05wma" path="res://3d/StaticObstacle.tscn" id="1_p4crt"]

[sub_resource type="NavigationMesh" id="NavigationMesh_ty0r8"]
geometry/parsed_geometry_type = 1
geometry/collision_mask = 4294967295
agent/radius = 0.6
detail/sample_max_error = 5.0

[sub_resource type="StandardMaterial3D" id="StandardMaterial3D_ld6xy"]
transparency = 1
albedo_color = Color(1, 1, 1, 0.1)

[sub_resource type="PlaneMesh" id="PlaneMesh_ccouf"]
size = Vector2(350, 350)

[sub_resource type="ConcavePolygonShape3D" id="ConcavePolygonShape3D_0ewfv"]
data = PackedVector3Array(175, 0, 175, -175, 0, 175, 175, 0, -175, -175, 0, 175, -175, 0, -175, 175, 0, -175)

[sub_resource type="CapsuleShape3D" id="CapsuleShape3D_7wrid"]
radius = 2.0
height = 4.0

[sub_resource type="CylinderMesh" id="CylinderMesh_5rcwu"]

[sub_resource type="CylinderShape3D" id="CylinderShape3D_bchcb"]
height = 4.0
radius = 2.0

[sub_resource type="SphereShape3D" id="SphereShape3D_xgt1g"]
radius = 2.0

[node name="Demo" type="Node3D"]
script = ExtResource( "1_3bjo4" )

[node name="NavigationRegion3D" type="NavigationRegion3D" parent="."]
navmesh = SubResource( "NavigationMesh_ty0r8" )

[node name="Ground" type="MeshInstance3D" parent="NavigationRegion3D"]
material_override = SubResource( "StandardMaterial3D_ld6xy" )
mesh = SubResource( "PlaneMesh_ccouf" )

[node name="StaticBody3D" type="StaticBody3D" parent="NavigationRegion3D/Ground"]

[node name="CollisionShape3D" type="CollisionShape3D" parent="NavigationRegion3D/Ground/StaticBody3D"]
shape = SubResource( "ConcavePolygonShape3D_0ewfv" )

[node name="ObstacleGroups" type="Node3D" parent="NavigationRegion3D"]

[node name="Group1" type="Node3D" parent="NavigationRegion3D/ObstacleGroups"]

[node name="StaticObstacle" parent="NavigationRegion3D/ObstacleGroups/Group1" instance=ExtResource( "1_p4crt" )]
transform = Transform3D(0.951793, 0, 0.306742, 0, 1, 0, -0.306742, 0, 0.951793, -3.40357, 0, -2.569)

[node name="StaticObstacle2" parent="NavigationRegion3D/ObstacleGroups/Group1" instance=ExtResource( "1_p4crt" )]
transform = Transform3D(0.651357, 0, 0.758771, 0, 1, 0, -0.758771, 0, 0.651357, -5.51191, -1.90735e-06, 2.46362)

[node name="StaticObstacle3" parent="NavigationRegion3D/ObstacleGroups/Group1" instance=ExtResource( "1_p4crt" )]
transform = Transform3D(0.986458, 0, 0.164015, 0, 1, 0, -0.164015, 0, 0.986458, 0.820434, -3.8147e-06, 1.59757)

[node name="StaticObstacle4" parent="NavigationRegion3D/ObstacleGroups/Group1" instance=ExtResource( "1_p4crt" )]
transform = Transform3D(0.955159, 0, 0.296091, 0, 1, 0, -0.296091, 0, 0.955159, -1.42898, -3.8147e-06, 6.27032)

[node name="StaticObstacle5" parent="NavigationRegion3D/ObstacleGroups/Group1" instance=ExtResource( "1_p4crt" )]
transform = Transform3D(0.955159, 0, 0.296091, 0, 1, 0, -0.296091, 0, 0.955159, -5.99863, -3.8147e-06, 7.08868)

[node name="StaticObstacle6" parent="NavigationRegion3D/ObstacleGroups/Group1" instance=ExtResource( "1_p4crt" )]
transform = Transform3D(0.62928, 0, 0.777179, 0, 1, 0, -0.777179, 0, 0.62928, 3.00068, -5.72205e-06, 5.51523)

[node name="StaticObstacle7" parent="NavigationRegion3D/ObstacleGroups/Group1" instance=ExtResource( "1_p4crt" )]
transform = Transform3D(0.25946, 0, 0.965754, 0, 1, 0, -0.965754, 0, 0.25946, 4.63866, -5.72205e-06, -0.425774)

[node name="StaticObstacle8" parent="NavigationRegion3D/ObstacleGroups/Group1" instance=ExtResource( "1_p4crt" )]
transform = Transform3D(0.25946, 0, 0.965754, 0, 1, 0, -0.965754, 0, 0.25946, 0.638662, -5.72205e-06, -5.42577)

[node name="StaticObstacle9" parent="NavigationRegion3D/ObstacleGroups/Group1" instance=ExtResource( "1_p4crt" )]
transform = Transform3D(0.25946, 0, 0.965754, 0, 1, 0, -0.965754, 0, 0.25946, 8.15274, -5.72205e-06, 3.59334)

[node name="StaticObstacle10" parent="NavigationRegion3D/ObstacleGroups/Group1" instance=ExtResource( "1_p4crt" )]
transform = Transform3D(0.933662, 0, -0.358156, 0, 1, 0, 0.358156, 0, 0.933662, 6.03176, -7.62939e-06, 8.38423)

[node name="StaticObstacle11" parent="NavigationRegion3D/ObstacleGroups/Group1" instance=ExtResource( "1_p4crt" )]
transform = Transform3D(0.4906, 0, -0.871385, 0, 1, 0, 0.871385, 0, 0.4906, 1.12161, -5.72205e-06, 10.3416)

[node name="StaticObstacle12" parent="NavigationRegion3D/ObstacleGroups/Group1" instance=ExtResource( "1_p4crt" )]
transform = Transform3D(-0.312501, 0, -0.949917, 0, 1, 0, 0.949917, 0, -0.312501, -3.38737, -7.62939e-06, 10.7671)

[node name="StaticObstacle13" parent="NavigationRegion3D/ObstacleGroups/Group1" instance=ExtResource( "1_p4crt" )]
transform = Transform3D(0.605683, 0, -0.795706, 0, 1, 0, 0.795706, 0, 0.605683, 5.43304, -5.72205e-06, -7.63435)

[node name="StaticObstacle14" parent="NavigationRegion3D/ObstacleGroups/Group1" instance=ExtResource( "1_p4crt" )]
transform = Transform3D(-0.155814, 0, -0.987786, 0, 1, 0, 0.987786, 0, -0.155814, 9.06868, -7.62939e-06, -4.37059)

[node name="StaticObstacle15" parent="NavigationRegion3D/ObstacleGroups/Group1" instance=ExtResource( "1_p4crt" )]
transform = Transform3D(0.0381959, 0, -0.99927, 0, 1, 0, 0.99927, 0, 0.0381959, 10.367, -9.53674e-06, 7.38197)

[node name="StaticObstacle16" parent="NavigationRegion3D/ObstacleGroups/Group1" instance=ExtResource( "1_p4crt" )]
transform = Transform3D(0.447197, 0, -0.894435, 0, 1, 0, 0.894435, 0, 0.447197, 11.9523, -9.53674e-06, 2.33257)

[node name="StaticObstacle17" parent="NavigationRegion3D/ObstacleGroups/Group1" instance=ExtResource( "1_p4crt" )]
transform = Transform3D(-0.065856, 0, -0.997829, 0, 1, 0, 0.997829, 0, -0.065856, 14.6465, -9.53674e-06, 5.57358)

[node name="StaticObstacle18" parent="NavigationRegion3D/ObstacleGroups/Group1" instance=ExtResource( "1_p4crt" )]
transform = Transform3D(0.271625, 0, -0.962403, 0, 1, 0, 0.962403, 0, 0.271625, 8.39919, -7.62939e-06, 11.5071)

[node name="StaticObstacle19" parent="NavigationRegion3D/ObstacleGroups/Group1" instance=ExtResource( "1_p4crt" )]
transform = Transform3D(-0.150295, 0, -0.988641, 0, 1, 0, 0.988641, 0, -0.150295, 7.01521, -1.14441e-05, 12.5992)

[node name="StaticObstacle20" parent="NavigationRegion3D/ObstacleGroups/Group1" instance=ExtResource( "1_p4crt" )]
transform = Transform3D(0.394134, 0, -0.919053, 0, 1, 0, 0.919053, 0, 0.394134, 8.16012, -1.14441e-05, 12.9049)

[node name="StaticObstacle21" parent="NavigationRegion3D/ObstacleGroups/Group1" instance=ExtResource( "1_p4crt" )]
transform = Transform3D(-0.369082, 0, -0.929397, 0, 1, 0, 0.929397, 0, -0.369082, 10.344, -9.53674e-06, 11.3064)

[node name="StaticObstacle22" parent="NavigationRegion3D/ObstacleGroups/Group1" instance=ExtResource( "1_p4crt" )]
transform = Transform3D(0.000785321, 0, -1, 0, 1, 0, 1, 0, 0.000785321, 11.2498, -9.53674e-06, 12.5386)

[node name="Group2" type="Node3D" parent="NavigationRegion3D/ObstacleGroups"]
transform = Transform3D(0.651278, 0, -0.75884, 0, 1, 0, 0.75884, 0, 0.651278, -17.0004, 0, -25.0962)

[node name="StaticObstacle" parent="NavigationRegion3D/ObstacleGroups/Group2" instance=ExtResource( "1_p4crt" )]
transform = Transform3D(0.951793, 0, 0.306742, 0, 1, 0, -0.306742, 0, 0.951793, -3.40357, 0, -2.569)

[node name="StaticObstacle2" parent="NavigationRegion3D/ObstacleGroups/Group2" instance=ExtResource( "1_p4crt" )]
transform = Transform3D(0.651357, 0, 0.758771, 0, 1, 0, -0.758771, 0, 0.651357, -5.51191, -1.90735e-06, 2.46362)

[node name="StaticObstacle3" parent="NavigationRegion3D/ObstacleGroups/Group2" instance=ExtResource( "1_p4crt" )]
transform = Transform3D(0.986458, 0, 0.164015, 0, 1, 0, -0.164015, 0, 0.986458, 0.820434, -3.8147e-06, 1.59757)

[node name="StaticObstacle4" parent="NavigationRegion3D/ObstacleGroups/Group2" instance=ExtResource( "1_p4crt" )]
transform = Transform3D(0.955159, 0, 0.296091, 0, 1, 0, -0.296091, 0, 0.955159, -1.42898, -3.8147e-06, 6.27032)

[node name="StaticObstacle5" parent="NavigationRegion3D/ObstacleGroups/Group2" instance=ExtResource( "1_p4crt" )]
transform = Transform3D(0.955159, 0, 0.296091, 0, 1, 0, -0.296091, 0, 0.955159, -5.99863, -3.8147e-06, 7.08868)

[node name="StaticObstacle6" parent="NavigationRegion3D/ObstacleGroups/Group2" instance=ExtResource( "1_p4crt" )]
transform = Transform3D(0.62928, 0, 0.777179, 0, 1, 0, -0.777179, 0, 0.62928, 3.00068, -5.72205e-06, 5.51523)

[node name="StaticObstacle7" parent="NavigationRegion3D/ObstacleGroups/Group2" instance=ExtResource( "1_p4crt" )]
transform = Transform3D(0.25946, 0, 0.965754, 0, 1, 0, -0.965754, 0, 0.25946, 4.63866, -5.72205e-06, -0.425774)

[node name="StaticObstacle8" parent="NavigationRegion3D/ObstacleGroups/Group2" instance=ExtResource( "1_p4crt" )]
transform = Transform3D(0.25946, 0, 0.965754, 0, 1, 0, -0.965754, 0, 0.25946, 0.638662, -5.72205e-06, -5.42577)

[node name="StaticObstacle9" parent="NavigationRegion3D/ObstacleGroups/Group2" instance=ExtResource( "1_p4crt" )]
transform = Transform3D(0.25946, 0, 0.965754, 0, 1, 0, -0.965754, 0, 0.25946, 8.15274, -5.72205e-06, 3.59334)

[node name="StaticObstacle10" parent="NavigationRegion3D/ObstacleGroups/Group2" instance=ExtResource( "1_p4crt" )]
transform = Transform3D(0.933662, 0, -0.358156, 0, 1, 0, 0.358156, 0, 0.933662, 6.03176, -7.62939e-06, 8.38423)

[node name="StaticObstacle11" parent="NavigationRegion3D/ObstacleGroups/Group2" instance=ExtResource( "1_p4crt" )]
transform = Transform3D(0.4906, 0, -0.871385, 0, 1, 0, 0.871385, 0, 0.4906, 1.12161, -5.72205e-06, 10.3416)

[node name="StaticObstacle12" parent="NavigationRegion3D/ObstacleGroups/Group2" instance=ExtResource( "1_p4crt" )]
transform = Transform3D(-0.312501, 0, -0.949917, 0, 1, 0, 0.949917, 0, -0.312501, -3.38737, -7.62939e-06, 10.7671)

[node name="StaticObstacle13" parent="NavigationRegion3D/ObstacleGroups/Group2" instance=ExtResource( "1_p4crt" )]
transform = Transform3D(0.605683, 0, -0.795706, 0, 1, 0, 0.795706, 0, 0.605683, 5.43304, -5.72205e-06, -7.63435)

[node name="StaticObstacle14" parent="NavigationRegion3D/ObstacleGroups/Group2" instance=ExtResource( "1_p4crt" )]
transform = Transform3D(-0.155814, 0, -0.987786, 0, 1, 0, 0.987786, 0, -0.155814, 9.06868, -7.62939e-06, -4.37059)

[node name="StaticObstacle15" parent="NavigationRegion3D/ObstacleGroups/Group2" instance=ExtResource( "1_p4crt" )]
transform = Transform3D(0.0381959, 0, -0.99927, 0, 1, 0, 0.99927, 0, 0.0381959, 10.367, -9.53674e-06, 7.38197)

[node name="StaticObstacle16" parent="NavigationRegion3D/ObstacleGroups/Group2" instance=ExtResource( "1_p4crt" )]
transform = Transform3D(0.447197, 0, -0.894435, 0, 1, 0, 0.894435, 0, 0.447197, 11.9523, -9.53674e-06, 2.33257)

[node name="StaticObstacle17" parent="NavigationRegion3D/ObstacleGroups/Group2" instance=ExtResource( "1_p4crt" )]
transform = Transform3D(-0.065856, 0, -0.997829, 0, 1, 0, 0.997829, 0, -0.065856, 14.6465, -9.53674e-06, 5.57358)

[node name="StaticObstacle18" parent="NavigationRegion3D/ObstacleGroups/Group2" instance=ExtResource( "1_p4crt" )]
transform = Transform3D(0.271625, 0, -0.962403, 0, 1, 0, 0.962403, 0, 0.271625, 8.39919, -7.62939e-06, 11.5071)

[node name="StaticObstacle19" parent="NavigationRegion3D/ObstacleGroups/Group2" instance=ExtResource( "1_p4crt" )]
transform = Transform3D(-0.150295, 0, -0.988641, 0, 1, 0, 0.988641, 0, -0.150295, 7.01521, -1.14441e-05, 12.5992)

[node name="StaticObstacle20" parent="NavigationRegion3D/ObstacleGroups/Group2" instance=ExtResource( "1_p4crt" )]
transform = Transform3D(0.394134, 0, -0.919053, 0, 1, 0, 0.919053, 0, 0.394134, 8.16012, -1.14441e-05, 12.9049)

[node name="StaticObstacle21" parent="NavigationRegion3D/ObstacleGroups/Group2" instance=ExtResource( "1_p4crt" )]
transform = Transform3D(-0.369082, 0, -0.929397, 0, 1, 0, 0.929397, 0, -0.369082, 10.344, -9.53674e-06, 11.3064)

[node name="StaticObstacle22" parent="NavigationRegion3D/ObstacleGroups/Group2" instance=ExtResource( "1_p4crt" )]
transform = Transform3D(0.000785321, 0, -1, 0, 1, 0, 1, 0, 0.000785321, 11.2498, -9.53674e-06, 12.5386)

[node name="Group3" type="Node3D" parent="NavigationRegion3D/ObstacleGroups"]
transform = Transform3D(0.88622, 0, -0.463265, 0, 1, 0, 0.463265, 0, 0.88622, 19.027, 0, -30.3588)

[node name="StaticObstacle" parent="NavigationRegion3D/ObstacleGroups/Group3" instance=ExtResource( "1_p4crt" )]
transform = Transform3D(0.951793, 0, 0.306742, 0, 1, 0, -0.306742, 0, 0.951793, -3.40357, 0, -2.569)

[node name="StaticObstacle2" parent="NavigationRegion3D/ObstacleGroups/Group3" instance=ExtResource( "1_p4crt" )]
transform = Transform3D(0.651357, 0, 0.758771, 0, 1, 0, -0.758771, 0, 0.651357, -5.51191, -1.90735e-06, 2.46362)

[node name="StaticObstacle3" parent="NavigationRegion3D/ObstacleGroups/Group3" instance=ExtResource( "1_p4crt" )]
transform = Transform3D(0.986458, 0, 0.164015, 0, 1, 0, -0.164015, 0, 0.986458, 0.820434, -3.8147e-06, 1.59757)

[node name="StaticObstacle4" parent="NavigationRegion3D/ObstacleGroups/Group3" instance=ExtResource( "1_p4crt" )]
transform = Transform3D(0.955159, 0, 0.296091, 0, 1, 0, -0.296091, 0, 0.955159, -1.42898, -3.8147e-06, 6.27032)

[node name="StaticObstacle5" parent="NavigationRegion3D/ObstacleGroups/Group3" instance=ExtResource( "1_p4crt" )]
transform = Transform3D(0.955159, 0, 0.296091, 0, 1, 0, -0.296091, 0, 0.955159, -5.99863, -3.8147e-06, 7.08868)

[node name="StaticObstacle6" parent="NavigationRegion3D/ObstacleGroups/Group3" instance=ExtResource( "1_p4crt" )]
transform = Transform3D(0.62928, 0, 0.777179, 0, 1, 0, -0.777179, 0, 0.62928, 3.00068, -5.72205e-06, 5.51523)

[node name="StaticObstacle7" parent="NavigationRegion3D/ObstacleGroups/Group3" instance=ExtResource( "1_p4crt" )]
transform = Transform3D(0.25946, 0, 0.965754, 0, 1, 0, -0.965754, 0, 0.25946, 4.63866, -5.72205e-06, -0.425774)

[node name="StaticObstacle8" parent="NavigationRegion3D/ObstacleGroups/Group3" instance=ExtResource( "1_p4crt" )]
transform = Transform3D(0.25946, 0, 0.965754, 0, 1, 0, -0.965754, 0, 0.25946, 0.638662, -5.72205e-06, -5.42577)

[node name="StaticObstacle9" parent="NavigationRegion3D/ObstacleGroups/Group3" instance=ExtResource( "1_p4crt" )]
transform = Transform3D(0.25946, 0, 0.965754, 0, 1, 0, -0.965754, 0, 0.25946, 8.15274, -5.72205e-06, 3.59334)

[node name="StaticObstacle10" parent="NavigationRegion3D/ObstacleGroups/Group3" instance=ExtResource( "1_p4crt" )]
transform = Transform3D(0.933662, 0, -0.358156, 0, 1, 0, 0.358156, 0, 0.933662, 6.03176, -7.62939e-06, 8.38423)

[node name="StaticObstacle11" parent="NavigationRegion3D/ObstacleGroups/Group3" instance=ExtResource( "1_p4crt" )]
transform = Transform3D(0.4906, 0, -0.871385, 0, 1, 0, 0.871385, 0, 0.4906, 1.12161, -5.72205e-06, 10.3416)

[node name="StaticObstacle12" parent="NavigationRegion3D/ObstacleGroups/Group3" instance=ExtResource( "1_p4crt" )]
transform = Transform3D(-0.312501, 0, -0.949917, 0, 1, 0, 0.949917, 0, -0.312501, -3.38737, -7.62939e-06, 10.7671)

[node name="StaticObstacle13" parent="NavigationRegion3D/ObstacleGroups/Group3" instance=ExtResource( "1_p4crt" )]
transform = Transform3D(0.605683, 0, -0.795706, 0, 1, 0, 0.795706, 0, 0.605683, 5.43304, -5.72205e-06, -7.63435)

[node name="StaticObstacle14" parent="NavigationRegion3D/ObstacleGroups/Group3" instance=ExtResource( "1_p4crt" )]
transform = Transform3D(-0.155814, 0, -0.987786, 0, 1, 0, 0.987786, 0, -0.155814, 9.06868, -7.62939e-06, -4.37059)

[node name="StaticObstacle15" parent="NavigationRegion3D/ObstacleGroups/Group3" instance=ExtResource( "1_p4crt" )]
transform = Transform3D(0.0381959, 0, -0.99927, 0, 1, 0, 0.99927, 0, 0.0381959, 10.367, -9.53674e-06, 7.38197)

[node name="StaticObstacle16" parent="NavigationRegion3D/ObstacleGroups/Group3" instance=ExtResource( "1_p4crt" )]
transform = Transform3D(0.447197, 0, -0.894435, 0, 1, 0, 0.894435, 0, 0.447197, 11.9523, -9.53674e-06, 2.33257)

[node name="StaticObstacle17" parent="NavigationRegion3D/ObstacleGroups/Group3" instance=ExtResource( "1_p4crt" )]
transform = Transform3D(-0.065856, 0, -0.997829, 0, 1, 0, 0.997829, 0, -0.065856, 14.6465, -9.53674e-06, 5.57358)

[node name="StaticObstacle18" parent="NavigationRegion3D/ObstacleGroups/Group3" instance=ExtResource( "1_p4crt" )]
transform = Transform3D(0.271625, 0, -0.962403, 0, 1, 0, 0.962403, 0, 0.271625, 8.39919, -7.62939e-06, 11.5071)

[node name="StaticObstacle19" parent="NavigationRegion3D/ObstacleGroups/Group3" instance=ExtResource( "1_p4crt" )]
transform = Transform3D(-0.150295, 0, -0.988641, 0, 1, 0, 0.988641, 0, -0.150295, 7.01521, -1.14441e-05, 12.5992)

[node name="StaticObstacle20" parent="NavigationRegion3D/ObstacleGroups/Group3" instance=ExtResource( "1_p4crt" )]
transform = Transform3D(0.394134, 0, -0.919053, 0, 1, 0, 0.919053, 0, 0.394134, 8.16012, -1.14441e-05, 12.9049)

[node name="StaticObstacle21" parent="NavigationRegion3D/ObstacleGroups/Group3" instance=ExtResource( "1_p4crt" )]
transform = Transform3D(-0.369082, 0, -0.929397, 0, 1, 0, 0.929397, 0, -0.369082, 10.344, -9.53674e-06, 11.3064)

[node name="StaticObstacle22" parent="NavigationRegion3D/ObstacleGroups/Group3" instance=ExtResource( "1_p4crt" )]
transform = Transform3D(0.000785321, 0, -1, 0, 1, 0, 1, 0, 0.000785321, 11.2498, -9.53674e-06, 12.5386)

[node name="Group4" type="Node3D" parent="NavigationRegion3D/ObstacleGroups"]
transform = Transform3D(0.310958, 0, -0.950424, 0, 1, 0, 0.950424, 0, 0.310958, 45.7403, 0, -9.30955)

[node name="StaticObstacle" parent="NavigationRegion3D/ObstacleGroups/Group4" instance=ExtResource( "1_p4crt" )]
transform = Transform3D(0.951793, 0, 0.306742, 0, 1, 0, -0.306742, 0, 0.951793, -3.40357, 0, -2.569)

[node name="StaticObstacle2" parent="NavigationRegion3D/ObstacleGroups/Group4" instance=ExtResource( "1_p4crt" )]
transform = Transform3D(0.651357, 0, 0.758771, 0, 1, 0, -0.758771, 0, 0.651357, -5.51191, -1.90735e-06, 2.46362)

[node name="StaticObstacle3" parent="NavigationRegion3D/ObstacleGroups/Group4" instance=ExtResource( "1_p4crt" )]
transform = Transform3D(0.986458, 0, 0.164015, 0, 1, 0, -0.164015, 0, 0.986458, 0.820434, -3.8147e-06, 1.59757)

[node name="StaticObstacle4" parent="NavigationRegion3D/ObstacleGroups/Group4" instance=ExtResource( "1_p4crt" )]
transform = Transform3D(0.955159, 0, 0.296091, 0, 1, 0, -0.296091, 0, 0.955159, -1.42898, -3.8147e-06, 6.27032)

[node name="StaticObstacle5" parent="NavigationRegion3D/ObstacleGroups/Group4" instance=ExtResource( "1_p4crt" )]
transform = Transform3D(0.955159, 0, 0.296091, 0, 1, 0, -0.296091, 0, 0.955159, -5.99863, -3.8147e-06, 7.08868)

[node name="StaticObstacle6" parent="NavigationRegion3D/ObstacleGroups/Group4" instance=ExtResource( "1_p4crt" )]
transform = Transform3D(0.62928, 0, 0.777179, 0, 1, 0, -0.777179, 0, 0.62928, 3.00068, -5.72205e-06, 5.51523)

[node name="StaticObstacle7" parent="NavigationRegion3D/ObstacleGroups/Group4" instance=ExtResource( "1_p4crt" )]
transform = Transform3D(0.25946, 0, 0.965754, 0, 1, 0, -0.965754, 0, 0.25946, 4.63866, -5.72205e-06, -0.425774)

[node name="StaticObstacle8" parent="NavigationRegion3D/ObstacleGroups/Group4" instance=ExtResource( "1_p4crt" )]
transform = Transform3D(0.25946, 0, 0.965754, 0, 1, 0, -0.965754, 0, 0.25946, 0.638662, -5.72205e-06, -5.42577)

[node name="StaticObstacle9" parent="NavigationRegion3D/ObstacleGroups/Group4" instance=ExtResource( "1_p4crt" )]
transform = Transform3D(0.25946, 0, 0.965754, 0, 1, 0, -0.965754, 0, 0.25946, 8.15274, -5.72205e-06, 3.59334)

[node name="StaticObstacle10" parent="NavigationRegion3D/ObstacleGroups/Group4" instance=ExtResource( "1_p4crt" )]
transform = Transform3D(0.933662, 0, -0.358156, 0, 1, 0, 0.358156, 0, 0.933662, 6.03176, -7.62939e-06, 8.38423)

[node name="StaticObstacle11" parent="NavigationRegion3D/ObstacleGroups/Group4" instance=ExtResource( "1_p4crt" )]
transform = Transform3D(0.4906, 0, -0.871385, 0, 1, 0, 0.871385, 0, 0.4906, 1.12161, -5.72205e-06, 10.3416)

[node name="StaticObstacle12" parent="NavigationRegion3D/ObstacleGroups/Group4" instance=ExtResource( "1_p4crt" )]
transform = Transform3D(-0.312501, 0, -0.949917, 0, 1, 0, 0.949917, 0, -0.312501, -3.38737, -7.62939e-06, 10.7671)

[node name="StaticObstacle13" parent="NavigationRegion3D/ObstacleGroups/Group4" instance=ExtResource( "1_p4crt" )]
transform = Transform3D(0.605683, 0, -0.795706, 0, 1, 0, 0.795706, 0, 0.605683, 5.43304, -5.72205e-06, -7.63435)

[node name="StaticObstacle14" parent="NavigationRegion3D/ObstacleGroups/Group4" instance=ExtResource( "1_p4crt" )]
transform = Transform3D(-0.155814, 0, -0.987786, 0, 1, 0, 0.987786, 0, -0.155814, 9.06868, -7.62939e-06, -4.37059)

[node name="StaticObstacle15" parent="NavigationRegion3D/ObstacleGroups/Group4" instance=ExtResource( "1_p4crt" )]
transform = Transform3D(0.0381959, 0, -0.99927, 0, 1, 0, 0.99927, 0, 0.0381959, 10.367, -9.53674e-06, 7.38197)

[node name="StaticObstacle16" parent="NavigationRegion3D/ObstacleGroups/Group4" instance=ExtResource( "1_p4crt" )]
transform = Transform3D(0.447197, 0, -0.894435, 0, 1, 0, 0.894435, 0, 0.447197, 11.9523, -9.53674e-06, 2.33257)

[node name="StaticObstacle17" parent="NavigationRegion3D/ObstacleGroups/Group4" instance=ExtResource( "1_p4crt" )]
transform = Transform3D(-0.065856, 0, -0.997829, 0, 1, 0, 0.997829, 0, -0.065856, 14.6465, -9.53674e-06, 5.57358)

[node name="StaticObstacle18" parent="NavigationRegion3D/ObstacleGroups/Group4" instance=ExtResource( "1_p4crt" )]
transform = Transform3D(0.271625, 0, -0.962403, 0, 1, 0, 0.962403, 0, 0.271625, 8.39919, -7.62939e-06, 11.5071)

[node name="StaticObstacle19" parent="NavigationRegion3D/ObstacleGroups/Group4" instance=ExtResource( "1_p4crt" )]
transform = Transform3D(-0.150295, 0, -0.988641, 0, 1, 0, 0.988641, 0, -0.150295, 7.01521, -1.14441e-05, 12.5992)

[node name="StaticObstacle20" parent="NavigationRegion3D/ObstacleGroups/Group4" instance=ExtResource( "1_p4crt" )]
transform = Transform3D(0.394134, 0, -0.919053, 0, 1, 0, 0.919053, 0, 0.394134, 8.16012, -1.14441e-05, 12.9049)

[node name="StaticObstacle21" parent="NavigationRegion3D/ObstacleGroups/Group4" instance=ExtResource( "1_p4crt" )]
transform = Transform3D(-0.369082, 0, -0.929397, 0, 1, 0, 0.929397, 0, -0.369082, 10.344, -9.53674e-06, 11.3064)

[node name="StaticObstacle22" parent="NavigationRegion3D/ObstacleGroups/Group4" instance=ExtResource( "1_p4crt" )]
transform = Transform3D(0.000785321, 0, -1, 0, 1, 0, 1, 0, 0.000785321, 11.2498, -9.53674e-06, 12.5386)

[node name="Group5" type="Node3D" parent="NavigationRegion3D/ObstacleGroups"]
transform = Transform3D(0.652403, 0, -0.757873, 0, 1, 0, 0.757873, 0, 0.652403, 49.3935, 0, -68.8209)

[node name="StaticObstacle" parent="NavigationRegion3D/ObstacleGroups/Group5" instance=ExtResource( "1_p4crt" )]
transform = Transform3D(0.951793, 0, 0.306742, 0, 1, 0, -0.306742, 0, 0.951793, -3.40357, 0, -2.569)

[node name="StaticObstacle2" parent="NavigationRegion3D/ObstacleGroups/Group5" instance=ExtResource( "1_p4crt" )]
transform = Transform3D(0.651357, 0, 0.758771, 0, 1, 0, -0.758771, 0, 0.651357, -5.51191, -1.90735e-06, 2.46362)

[node name="StaticObstacle3" parent="NavigationRegion3D/ObstacleGroups/Group5" instance=ExtResource( "1_p4crt" )]
transform = Transform3D(0.986458, 0, 0.164015, 0, 1, 0, -0.164015, 0, 0.986458, 0.820434, -3.8147e-06, 1.59757)

[node name="StaticObstacle4" parent="NavigationRegion3D/ObstacleGroups/Group5" instance=ExtResource( "1_p4crt" )]
transform = Transform3D(0.955159, 0, 0.296091, 0, 1, 0, -0.296091, 0, 0.955159, -1.42898, -3.8147e-06, 6.27032)

[node name="StaticObstacle5" parent="NavigationRegion3D/ObstacleGroups/Group5" instance=ExtResource( "1_p4crt" )]
transform = Transform3D(0.955159, 0, 0.296091, 0, 1, 0, -0.296091, 0, 0.955159, -5.99863, -3.8147e-06, 7.08868)

[node name="StaticObstacle6" parent="NavigationRegion3D/ObstacleGroups/Group5" instance=ExtResource( "1_p4crt" )]
transform = Transform3D(0.62928, 0, 0.777179, 0, 1, 0, -0.777179, 0, 0.62928, 3.00068, -5.72205e-06, 5.51523)

[node name="StaticObstacle7" parent="NavigationRegion3D/ObstacleGroups/Group5" instance=ExtResource( "1_p4crt" )]
transform = Transform3D(0.25946, 0, 0.965754, 0, 1, 0, -0.965754, 0, 0.25946, 4.63866, -5.72205e-06, -0.425774)

[node name="StaticObstacle8" parent="NavigationRegion3D/ObstacleGroups/Group5" instance=ExtResource( "1_p4crt" )]
transform = Transform3D(0.25946, 0, 0.965754, 0, 1, 0, -0.965754, 0, 0.25946, 0.638662, -5.72205e-06, -5.42577)

[node name="StaticObstacle9" parent="NavigationRegion3D/ObstacleGroups/Group5" instance=ExtResource( "1_p4crt" )]
transform = Transform3D(0.25946, 0, 0.965754, 0, 1, 0, -0.965754, 0, 0.25946, 8.15274, -5.72205e-06, 3.59334)

[node name="StaticObstacle10" parent="NavigationRegion3D/ObstacleGroups/Group5" instance=ExtResource( "1_p4crt" )]
transform = Transform3D(0.933662, 0, -0.358156, 0, 1, 0, 0.358156, 0, 0.933662, 6.03176, -7.62939e-06, 8.38423)

[node name="StaticObstacle11" parent="NavigationRegion3D/ObstacleGroups/Group5" instance=ExtResource( "1_p4crt" )]
transform = Transform3D(0.4906, 0, -0.871385, 0, 1, 0, 0.871385, 0, 0.4906, 1.12161, -5.72205e-06, 10.3416)

[node name="StaticObstacle12" parent="NavigationRegion3D/ObstacleGroups/Group5" instance=ExtResource( "1_p4crt" )]
transform = Transform3D(-0.312501, 0, -0.949917, 0, 1, 0, 0.949917, 0, -0.312501, -3.38737, -7.62939e-06, 10.7671)

[node name="StaticObstacle13" parent="NavigationRegion3D/ObstacleGroups/Group5" instance=ExtResource( "1_p4crt" )]
transform = Transform3D(0.605683, 0, -0.795706, 0, 1, 0, 0.795706, 0, 0.605683, 5.43304, -5.72205e-06, -7.63435)

[node name="StaticObstacle14" parent="NavigationRegion3D/ObstacleGroups/Group5" instance=ExtResource( "1_p4crt" )]
transform = Transform3D(-0.155814, 0, -0.987786, 0, 1, 0, 0.987786, 0, -0.155814, 9.06868, -7.62939e-06, -4.37059)

[node name="StaticObstacle15" parent="NavigationRegion3D/ObstacleGroups/Group5" instance=ExtResource( "1_p4crt" )]
transform = Transform3D(0.0381959, 0, -0.99927, 0, 1, 0, 0.99927, 0, 0.0381959, 10.367, -9.53674e-06, 7.38197)

[node name="StaticObstacle16" parent="NavigationRegion3D/ObstacleGroups/Group5" instance=ExtResource( "1_p4crt" )]
transform = Transform3D(0.447197, 0, -0.894435, 0, 1, 0, 0.894435, 0, 0.447197, 11.9523, -9.53674e-06, 2.33257)

[node name="StaticObstacle17" parent="NavigationRegion3D/ObstacleGroups/Group5" instance=ExtResource( "1_p4crt" )]
transform = Transform3D(-0.065856, 0, -0.997829, 0, 1, 0, 0.997829, 0, -0.065856, 14.6465, -9.53674e-06, 5.57358)

[node name="StaticObstacle18" parent="NavigationRegion3D/ObstacleGroups/Group5" instance=ExtResource( "1_p4crt" )]
transform = Transform3D(0.271625, 0, -0.962403, 0, 1, 0, 0.962403, 0, 0.271625, 8.39919, -7.62939e-06, 11.5071)

[node name="StaticObstacle19" parent="NavigationRegion3D/ObstacleGroups/Group5" instance=ExtResource( "1_p4crt" )]
transform = Transform3D(-0.150295, 0, -0.988641, 0, 1, 0, 0.988641, 0, -0.150295, 7.01521, -1.14441e-05, 12.5992)

[node name="StaticObstacle20" parent="NavigationRegion3D/ObstacleGroups/Group5" instance=ExtResource( "1_p4crt" )]
transform = Transform3D(0.394134, 0, -0.919053, 0, 1, 0, 0.919053, 0, 0.394134, 8.16012, -1.14441e-05, 12.9049)

[node name="StaticObstacle21" parent="NavigationRegion3D/ObstacleGroups/Group5" instance=ExtResource( "1_p4crt" )]
transform = Transform3D(-0.369082, 0, -0.929397, 0, 1, 0, 0.929397, 0, -0.369082, 10.344, -9.53674e-06, 11.3064)

[node name="StaticObstacle22" parent="NavigationRegion3D/ObstacleGroups/Group5" instance=ExtResource( "1_p4crt" )]
transform = Transform3D(0.000785321, 0, -1, 0, 1, 0, 1, 0, 0.000785321, 11.2498, -9.53674e-06, 12.5386)

[node name="Group6" type="Node3D" parent="NavigationRegion3D/ObstacleGroups"]
transform = Transform3D(0.279041, 0, -0.960279, 0, 1, 0, 0.960279, 0, 0.279041, 74.0846, 0, -51.006)

[node name="StaticObstacle" parent="NavigationRegion3D/ObstacleGroups/Group6" instance=ExtResource( "1_p4crt" )]
transform = Transform3D(0.951793, 0, 0.306742, 0, 1, 0, -0.306742, 0, 0.951793, -3.40357, 0, -2.569)

[node name="StaticObstacle2" parent="NavigationRegion3D/ObstacleGroups/Group6" instance=ExtResource( "1_p4crt" )]
transform = Transform3D(0.651357, 0, 0.758771, 0, 1, 0, -0.758771, 0, 0.651357, -5.51191, -1.90735e-06, 2.46362)

[node name="StaticObstacle3" parent="NavigationRegion3D/ObstacleGroups/Group6" instance=ExtResource( "1_p4crt" )]
transform = Transform3D(0.986458, 0, 0.164015, 0, 1, 0, -0.164015, 0, 0.986458, 0.820434, -3.8147e-06, 1.59757)

[node name="StaticObstacle4" parent="NavigationRegion3D/ObstacleGroups/Group6" instance=ExtResource( "1_p4crt" )]
transform = Transform3D(0.955159, 0, 0.296091, 0, 1, 0, -0.296091, 0, 0.955159, -1.42898, -3.8147e-06, 6.27032)

[node name="StaticObstacle5" parent="NavigationRegion3D/ObstacleGroups/Group6" instance=ExtResource( "1_p4crt" )]
transform = Transform3D(0.955159, 0, 0.296091, 0, 1, 0, -0.296091, 0, 0.955159, -5.99863, -3.8147e-06, 7.08868)

[node name="StaticObstacle6" parent="NavigationRegion3D/ObstacleGroups/Group6" instance=ExtResource( "1_p4crt" )]
transform = Transform3D(0.62928, 0, 0.777179, 0, 1, 0, -0.777179, 0, 0.62928, 3.00068, -5.72205e-06, 5.51523)

[node name="StaticObstacle7" parent="NavigationRegion3D/ObstacleGroups/Group6" instance=ExtResource( "1_p4crt" )]
transform = Transform3D(0.25946, 0, 0.965754, 0, 1, 0, -0.965754, 0, 0.25946, 4.63866, -5.72205e-06, -0.425774)

[node name="StaticObstacle8" parent="NavigationRegion3D/ObstacleGroups/Group6" instance=ExtResource( "1_p4crt" )]
transform = Transform3D(0.25946, 0, 0.965754, 0, 1, 0, -0.965754, 0, 0.25946, 0.638662, -5.72205e-06, -5.42577)

[node name="StaticObstacle9" parent="NavigationRegion3D/ObstacleGroups/Group6" instance=ExtResource( "1_p4crt" )]
transform = Transform3D(0.25946, 0, 0.965754, 0, 1, 0, -0.965754, 0, 0.25946, 8.15274, -5.72205e-06, 3.59334)

[node name="StaticObstacle10" parent="NavigationRegion3D/ObstacleGroups/Group6" instance=ExtResource( "1_p4crt" )]
transform = Transform3D(0.933662, 0, -0.358156, 0, 1, 0, 0.358156, 0, 0.933662, 6.03176, -7.62939e-06, 8.38423)

[node name="StaticObstacle11" parent="NavigationRegion3D/ObstacleGroups/Group6" instance=ExtResource( "1_p4crt" )]
transform = Transform3D(0.4906, 0, -0.871385, 0, 1, 0, 0.871385, 0, 0.4906, 1.12161, -5.72205e-06, 10.3416)

[node name="StaticObstacle12" parent="NavigationRegion3D/ObstacleGroups/Group6" instance=ExtResource( "1_p4crt" )]
transform = Transform3D(-0.312501, 0, -0.949917, 0, 1, 0, 0.949917, 0, -0.312501, -3.38737, -7.62939e-06, 10.7671)

[node name="StaticObstacle13" parent="NavigationRegion3D/ObstacleGroups/Group6" instance=ExtResource( "1_p4crt" )]
transform = Transform3D(0.605683, 0, -0.795706, 0, 1, 0, 0.795706, 0, 0.605683, 5.43304, -5.72205e-06, -7.63435)

[node name="StaticObstacle14" parent="NavigationRegion3D/ObstacleGroups/Group6" instance=ExtResource( "1_p4crt" )]
transform = Transform3D(-0.155814, 0, -0.987786, 0, 1, 0, 0.987786, 0, -0.155814, 9.06868, -7.62939e-06, -4.37059)

[node name="StaticObstacle15" parent="NavigationRegion3D/ObstacleGroups/Group6" instance=ExtResource( "1_p4crt" )]
transform = Transform3D(0.0381959, 0, -0.99927, 0, 1, 0, 0.99927, 0, 0.0381959, 10.367, -9.53674e-06, 7.38197)

[node name="StaticObstacle16" parent="NavigationRegion3D/ObstacleGroups/Group6" instance=ExtResource( "1_p4crt" )]
transform = Transform3D(0.447197, 0, -0.894435, 0, 1, 0, 0.894435, 0, 0.447197, 11.9523, -9.53674e-06, 2.33257)

[node name="StaticObstacle17" parent="NavigationRegion3D/ObstacleGroups/Group6" instance=ExtResource( "1_p4crt" )]
transform = Transform3D(-0.065856, 0, -0.997829, 0, 1, 0, 0.997829, 0, -0.065856, 14.6465, -9.53674e-06, 5.57358)

[node name="StaticObstacle18" parent="NavigationRegion3D/ObstacleGroups/Group6" instance=ExtResource( "1_p4crt" )]
transform = Transform3D(0.271625, 0, -0.962403, 0, 1, 0, 0.962403, 0, 0.271625, 8.39919, -7.62939e-06, 11.5071)

[node name="StaticObstacle19" parent="NavigationRegion3D/ObstacleGroups/Group6" instance=ExtResource( "1_p4crt" )]
transform = Transform3D(-0.150295, 0, -0.988641, 0, 1, 0, 0.988641, 0, -0.150295, 7.01521, -1.14441e-05, 12.5992)

[node name="StaticObstacle20" parent="NavigationRegion3D/ObstacleGroups/Group6" instance=ExtResource( "1_p4crt" )]
transform = Transform3D(0.394134, 0, -0.919053, 0, 1, 0, 0.919053, 0, 0.394134, 8.16012, -1.14441e-05, 12.9049)

[node name="StaticObstacle21" parent="NavigationRegion3D/ObstacleGroups/Group6" instance=ExtResource( "1_p4crt" )]
transform = Transform3D(-0.369082, 0, -0.929397, 0, 1, 0, 0.929397, 0, -0.369082, 10.344, -9.53674e-06, 11.3064)

[node name="StaticObstacle22" parent="NavigationRegion3D/ObstacleGroups/Group6" instance=ExtResource( "1_p4crt" )]
transform = Transform3D(0.000785321, 0, -1, 0, 1, 0, 1, 0, 0.000785321, 11.2498, -9.53674e-06, 12.5386)

[node name="Group7" type="Node3D" parent="NavigationRegion3D/ObstacleGroups"]
transform = Transform3D(0.999449, 0, 0.0331901, 0, 1, 0, -0.0331901, 0, 0.999449, 74.2494, 0, -75.7421)

[node name="StaticObstacle" parent="NavigationRegion3D/ObstacleGroups/Group7" instance=ExtResource( "1_p4crt" )]
transform = Transform3D(0.951793, 0, 0.306742, 0, 1, 0, -0.306742, 0, 0.951793, -3.40357, 0, -2.569)

[node name="StaticObstacle2" parent="NavigationRegion3D/ObstacleGroups/Group7" instance=ExtResource( "1_p4crt" )]
transform = Transform3D(0.651357, 0, 0.758771, 0, 1, 0, -0.758771, 0, 0.651357, -5.51191, -1.90735e-06, 2.46362)

[node name="StaticObstacle3" parent="NavigationRegion3D/ObstacleGroups/Group7" instance=ExtResource( "1_p4crt" )]
transform = Transform3D(0.986458, 0, 0.164015, 0, 1, 0, -0.164015, 0, 0.986458, 0.820434, -3.8147e-06, 1.59757)

[node name="StaticObstacle4" parent="NavigationRegion3D/ObstacleGroups/Group7" instance=ExtResource( "1_p4crt" )]
transform = Transform3D(0.955159, 0, 0.296091, 0, 1, 0, -0.296091, 0, 0.955159, -1.42898, -3.8147e-06, 6.27032)

[node name="StaticObstacle5" parent="NavigationRegion3D/ObstacleGroups/Group7" instance=ExtResource( "1_p4crt" )]
transform = Transform3D(0.955159, 0, 0.296091, 0, 1, 0, -0.296091, 0, 0.955159, -5.99863, -3.8147e-06, 7.08868)

[node name="StaticObstacle6" parent="NavigationRegion3D/ObstacleGroups/Group7" instance=ExtResource( "1_p4crt" )]
transform = Transform3D(0.62928, 0, 0.777179, 0, 1, 0, -0.777179, 0, 0.62928, 3.00068, -5.72205e-06, 5.51523)

[node name="StaticObstacle7" parent="NavigationRegion3D/ObstacleGroups/Group7" instance=ExtResource( "1_p4crt" )]
transform = Transform3D(0.25946, 0, 0.965754, 0, 1, 0, -0.965754, 0, 0.25946, 4.63866, -5.72205e-06, -0.425774)

[node name="StaticObstacle8" parent="NavigationRegion3D/ObstacleGroups/Group7" instance=ExtResource( "1_p4crt" )]
transform = Transform3D(0.25946, 0, 0.965754, 0, 1, 0, -0.965754, 0, 0.25946, 0.638662, -5.72205e-06, -5.42577)

[node name="StaticObstacle9" parent="NavigationRegion3D/ObstacleGroups/Group7" instance=ExtResource( "1_p4crt" )]
transform = Transform3D(0.25946, 0, 0.965754, 0, 1, 0, -0.965754, 0, 0.25946, 8.15274, -5.72205e-06, 3.59334)

[node name="StaticObstacle10" parent="NavigationRegion3D/ObstacleGroups/Group7" instance=ExtResource( "1_p4crt" )]
transform = Transform3D(0.933662, 0, -0.358156, 0, 1, 0, 0.358156, 0, 0.933662, 6.03176, -7.62939e-06, 8.38423)

[node name="StaticObstacle11" parent="NavigationRegion3D/ObstacleGroups/Group7" instance=ExtResource( "1_p4crt" )]
transform = Transform3D(0.4906, 0, -0.871385, 0, 1, 0, 0.871385, 0, 0.4906, 1.12161, -5.72205e-06, 10.3416)

[node name="StaticObstacle12" parent="NavigationRegion3D/ObstacleGroups/Group7" instance=ExtResource( "1_p4crt" )]
transform = Transform3D(-0.312501, 0, -0.949917, 0, 1, 0, 0.949917, 0, -0.312501, -3.38737, -7.62939e-06, 10.7671)

[node name="StaticObstacle13" parent="NavigationRegion3D/ObstacleGroups/Group7" instance=ExtResource( "1_p4crt" )]
transform = Transform3D(0.605683, 0, -0.795706, 0, 1, 0, 0.795706, 0, 0.605683, 5.43304, -5.72205e-06, -7.63435)

[node name="StaticObstacle14" parent="NavigationRegion3D/ObstacleGroups/Group7" instance=ExtResource( "1_p4crt" )]
transform = Transform3D(-0.155814, 0, -0.987786, 0, 1, 0, 0.987786, 0, -0.155814, 9.06868, -7.62939e-06, -4.37059)

[node name="StaticObstacle15" parent="NavigationRegion3D/ObstacleGroups/Group7" instance=ExtResource( "1_p4crt" )]
transform = Transform3D(0.0381959, 0, -0.99927, 0, 1, 0, 0.99927, 0, 0.0381959, 10.367, -9.53674e-06, 7.38197)

[node name="StaticObstacle16" parent="NavigationRegion3D/ObstacleGroups/Group7" instance=ExtResource( "1_p4crt" )]
transform = Transform3D(0.447197, 0, -0.894435, 0, 1, 0, 0.894435, 0, 0.447197, 11.9523, -9.53674e-06, 2.33257)

[node name="StaticObstacle17" parent="NavigationRegion3D/ObstacleGroups/Group7" instance=ExtResource( "1_p4crt" )]
transform = Transform3D(-0.065856, 0, -0.997829, 0, 1, 0, 0.997829, 0, -0.065856, 14.6465, -9.53674e-06, 5.57358)

[node name="StaticObstacle18" parent="NavigationRegion3D/ObstacleGroups/Group7" instance=ExtResource( "1_p4crt" )]
transform = Transform3D(0.271625, 0, -0.962403, 0, 1, 0, 0.962403, 0, 0.271625, 8.39919, -7.62939e-06, 11.5071)

[node name="StaticObstacle19" parent="NavigationRegion3D/ObstacleGroups/Group7" instance=ExtResource( "1_p4crt" )]
transform = Transform3D(-0.150295, 0, -0.988641, 0, 1, 0, 0.988641, 0, -0.150295, 7.01521, -1.14441e-05, 12.5992)

[node name="StaticObstacle20" parent="NavigationRegion3D/ObstacleGroups/Group7" instance=ExtResource( "1_p4crt" )]
transform = Transform3D(0.394134, 0, -0.919053, 0, 1, 0, 0.919053, 0, 0.394134, 8.16012, -1.14441e-05, 12.9049)

[node name="StaticObstacle21" parent="NavigationRegion3D/ObstacleGroups/Group7" instance=ExtResource( "1_p4crt" )]
transform = Transform3D(-0.369082, 0, -0.929397, 0, 1, 0, 0.929397, 0, -0.369082, 10.344, -9.53674e-06, 11.3064)

[node name="StaticObstacle22" parent="NavigationRegion3D/ObstacleGroups/Group7" instance=ExtResource( "1_p4crt" )]
transform = Transform3D(0.000785321, 0, -1, 0, 1, 0, 1, 0, 0.000785321, 11.2498, -9.53674e-06, 12.5386)

[node name="Group8" type="Node3D" parent="NavigationRegion3D/ObstacleGroups"]
transform = Transform3D(0.710959, 0, -0.703233, 0, 1, 0, 0.703233, 0, 0.710959, 13.9258, 0, -62.7852)

[node name="StaticObstacle" parent="NavigationRegion3D/ObstacleGroups/Group8" instance=ExtResource( "1_p4crt" )]
transform = Transform3D(0.951793, 0, 0.306742, 0, 1, 0, -0.306742, 0, 0.951793, -3.40357, 0, -2.569)

[node name="StaticObstacle2" parent="NavigationRegion3D/ObstacleGroups/Group8" instance=ExtResource( "1_p4crt" )]
transform = Transform3D(0.651357, 0, 0.758771, 0, 1, 0, -0.758771, 0, 0.651357, -5.51191, -1.90735e-06, 2.46362)

[node name="StaticObstacle3" parent="NavigationRegion3D/ObstacleGroups/Group8" instance=ExtResource( "1_p4crt" )]
transform = Transform3D(0.986458, 0, 0.164015, 0, 1, 0, -0.164015, 0, 0.986458, 0.820434, -3.8147e-06, 1.59757)

[node name="StaticObstacle4" parent="NavigationRegion3D/ObstacleGroups/Group8" instance=ExtResource( "1_p4crt" )]
transform = Transform3D(0.955159, 0, 0.296091, 0, 1, 0, -0.296091, 0, 0.955159, -1.42898, -3.8147e-06, 6.27032)

[node name="StaticObstacle5" parent="NavigationRegion3D/ObstacleGroups/Group8" instance=ExtResource( "1_p4crt" )]
transform = Transform3D(0.955159, 0, 0.296091, 0, 1, 0, -0.296091, 0, 0.955159, -5.99863, -3.8147e-06, 7.08868)

[node name="StaticObstacle6" parent="NavigationRegion3D/ObstacleGroups/Group8" instance=ExtResource( "1_p4crt" )]
transform = Transform3D(0.62928, 0, 0.777179, 0, 1, 0, -0.777179, 0, 0.62928, 3.00068, -5.72205e-06, 5.51523)

[node name="StaticObstacle7" parent="NavigationRegion3D/ObstacleGroups/Group8" instance=ExtResource( "1_p4crt" )]
transform = Transform3D(0.25946, 0, 0.965754, 0, 1, 0, -0.965754, 0, 0.25946, 4.63866, -5.72205e-06, -0.425774)

[node name="StaticObstacle8" parent="NavigationRegion3D/ObstacleGroups/Group8" instance=ExtResource( "1_p4crt" )]
