[gd_scene load_steps=7 format=2]

[ext_resource path="res://3d/StaticObstacle.tscn" type="PackedScene" id=1]
[ext_resource path="res://3d/BakeOnReady.gd" type="Script" id=2]

[sub_resource type="NavigationMesh" id=1]
geometry/parsed_geometry_type = 1
geometry/collision_mask = 4294967295
agent/max_slope = 70.0

[sub_resource type="SpatialMaterial" id=2]
flags_transparent = true
albedo_color = Color( 1, 1, 1, 0.1 )

[sub_resource type="PlaneMesh" id=3]
size = Vector2( 350, 350 )
subdivide_width = 349
subdivide_depth = 349

[sub_resource type="ConvexPolygonShape" id=4]
points = PoolVector3Array( 175.956, -0.956284, 175.956, -175.956, -0.956284, -175.956, -175.956, -0.956284, 175.956, 175.956, -0.956284, -175.956 )

[node name="Demo" type="Spatial"]
script = ExtResource( 2 )

[node name="Navigation" type="Navigation" parent="."]

[node name="NavigationMeshInstance" type="NavigationMeshInstance" parent="Navigation"]
navmesh = SubResource( 1 )
__meta__ = {
"_edit_lock_": true
}

[node name="Ground" type="MeshInstance" parent="Navigation/NavigationMeshInstance"]
material_override = SubResource( 2 )
mesh = SubResource( 3 )
skeleton = NodePath("../..")

[node name="StaticBody" type="StaticBody" parent="Navigation/NavigationMeshInstance/Ground"]

[node name="CollisionShape" type="CollisionShape" parent="Navigation/NavigationMeshInstance/Ground/StaticBody"]
shape = SubResource( 4 )

[node name="ObstacleGroups" type="Spatial" parent="Navigation/NavigationMeshInstance"]

[node name="Group1" type="Spatial" parent="Navigation/NavigationMeshInstance/ObstacleGroups"]

[node name="StaticObstacle" parent="Navigation/NavigationMeshInstance/ObstacleGroups/Group1" instance=ExtResource( 1 )]

[node name="StaticObstacle2" parent="Navigation/NavigationMeshInstance/ObstacleGroups/Group1" instance=ExtResource( 1 )]
transform = Transform( 0.975511, 0, -0.219948, 0, 1, 0, 0.219948, 0, 0.975511, 3.08382, 0, 0.715464 )

[node name="StaticObstacle3" parent="Navigation/NavigationMeshInstance/ObstacleGroups/Group1" instance=ExtResource( 1 )]
transform = Transform( 0.774194, 0, -0.632949, 0, 1, 0, 0.632949, 0, 0.774194, 1.12374, 0, 3.06815 )

[node name="StaticObstacle4" parent="Navigation/NavigationMeshInstance/ObstacleGroups/Group1" instance=ExtResource( 1 )]
transform = Transform( 0.853642, 0, -0.520861, 0, 1, 0, 0.520861, 0, 0.853642, -2.47711, 9.53674e-07, 2.27733 )

[node name="StaticObstacle5" parent="Navigation/NavigationMeshInstance/ObstacleGroups/Group1" instance=ExtResource( 1 )]
transform = Transform( 0.853642, 0, -0.520861, 0, 1, 0, 0.520861, 0, 0.853642, -1.99963, 9.53674e-07, 7.25448 )

[node name="StaticObstacle6" parent="Navigation/NavigationMeshInstance/ObstacleGroups/Group1" instance=ExtResource( 1 )]
transform = Transform( 0.992713, 0, -0.120501, 0, 1, 0, 0.120501, 0, 0.992713, 1.8456, 9.53674e-07, 7.94792 )

[node name="StaticObstacle7" parent="Navigation/NavigationMeshInstance/ObstacleGroups/Group1" instance=ExtResource( 1 )]
transform = Transform( 0.818962, 0, -0.573848, 0, 1, 0, 0.573848, 0, 0.818962, 0.250387, 9.53674e-07, 12.791 )

[node name="StaticObstacle8" parent="Navigation/NavigationMeshInstance/ObstacleGroups/Group1" instance=ExtResource( 1 )]
transform = Transform( 0.818962, 0, -0.573848, 0, 1, 0, 0.573848, 0, 0.818962, 6.71246, 9.53674e-07, 11.5996 )

[node name="StaticObstacle9" parent="Navigation/NavigationMeshInstance/ObstacleGroups/Group1" instance=ExtResource( 1 )]
transform = Transform( 0.818962, 0, -0.573848, 0, 1, 0, 0.573848, 0, 0.818962, 8.16854, 9.53674e-07, 0.67336 )

[node name="StaticObstacle10" parent="Navigation/NavigationMeshInstance/ObstacleGroups/Group1" instance=ExtResource( 1 )]
transform = Transform( 0.818962, 0, -0.573848, 0, 1, 0, 0.573848, 0, 0.818962, 12.2634, 9.53674e-07, 3.5426 )

[node name="StaticObstacle11" parent="Navigation/NavigationMeshInstance/ObstacleGroups/Group1" instance=ExtResource( 1 )]
transform = Transform( 0.998842, 0, -0.0481175, 0, 1, 0, 0.0481175, 0, 0.998842, 14.8039, 9.53674e-07, 1.65956 )

[node name="StaticObstacle12" parent="Navigation/NavigationMeshInstance/ObstacleGroups/Group1" instance=ExtResource( 1 )]
transform = Transform( 0.933386, 0, -0.358873, 0, 1, 0, 0.358873, 0, 0.933386, 14.8986, 9.53674e-07, 4.6692 )

[node name="StaticObstacle13" parent="Navigation/NavigationMeshInstance/ObstacleGroups/Group1" instance=ExtResource( 1 )]
transform = Transform( 0.588942, 0, -0.808175, 0, 1, 0, 0.808175, 0, 0.588942, 13.0142, 9.53674e-07, 6.83018 )

[node name="StaticObstacle14" parent="Navigation/NavigationMeshInstance/ObstacleGroups/Group1" instance=ExtResource( 1 )]
transform = Transform( 0.588942, 0, -0.808175, 0, 1, 0, 0.808175, 0, 0.588942, 16.1556, 9.53674e-07, 6.11883 )

[node name="StaticObstacle15" parent="Navigation/NavigationMeshInstance/ObstacleGroups/Group1" instance=ExtResource( 1 )]
transform = Transform( 0.293323, 0, -0.956013, 0, 1, 0, 0.956013, 0, 0.293323, 14.6607, 9.53674e-07, 7.40827 )

[node name="StaticObstacle16" parent="Navigation/NavigationMeshInstance/ObstacleGroups/Group1" instance=ExtResource( 1 )]
transform = Transform( 0.293323, 0, -0.956013, 0, 1, 0, 0.956013, 0, 0.293323, 13.5879, -9.53674e-07, 13.2742 )

[node name="StaticObstacle17" parent="Navigation/NavigationMeshInstance/ObstacleGroups/Group1" instance=ExtResource( 1 )]
transform = Transform( 0.293323, 0, -0.956013, 0, 1, 0, 0.956013, 0, 0.293323, 6.83436, -2.86102e-06, 17.3344 )

[node name="StaticObstacle18" parent="Navigation/NavigationMeshInstance/ObstacleGroups/Group1" instance=ExtResource( 1 )]
transform = Transform( 0.605155, 0, -0.796107, 0, 1, 0, 0.796107, 0, 0.605155, 11.4497, -2.86102e-06, -5.32774 )

[node name="StaticObstacle19" parent="Navigation/NavigationMeshInstance/ObstacleGroups/Group1" instance=ExtResource( 1 )]
transform = Transform( 0.332474, 0, -0.943112, 0, 1, 0, 0.943112, 0, 0.332474, 4.18176, -2.86102e-06, -4.97526 )

[node name="StaticObstacle20" parent="Navigation/NavigationMeshInstance/ObstacleGroups/Group1" instance=ExtResource( 1 )]
transform = Transform( 0.00736535, 0, -0.999973, 0, 1, 0, 0.999973, 0, 0.00736535, -1.52164, -2.86102e-06, -6.94202 )

[node name="StaticObstacle21" parent="Navigation/NavigationMeshInstance/ObstacleGroups/Group1" instance=ExtResource( 1 )]
transform = Transform( 0.335435, 0, -0.942063, 0, 1, 0, 0.942063, 0, 0.335435, -6.79117, -2.86102e-06, -3.59816 )

[node name="StaticObstacle22" parent="Navigation/NavigationMeshInstance/ObstacleGroups/Group1" instance=ExtResource( 1 )]
transform = Transform( 0.766807, 0, -0.641878, 0, 1, 0, 0.641878, 0, 0.766807, -7.79758, -2.86102e-06, 3.97668 )

[node name="Group2" type="Spatial" parent="Navigation/NavigationMeshInstance/ObstacleGroups"]
transform = Transform( 0.977409, 0, -0.211359, 0, 1, 0, 0.211359, 0, 0.977409, 27.1901, 0, -46.8923 )

[node name="StaticObstacle" parent="Navigation/NavigationMeshInstance/ObstacleGroups/Group2" instance=ExtResource( 1 )]

[node name="StaticObstacle2" parent="Navigation/NavigationMeshInstance/ObstacleGroups/Group2" instance=ExtResource( 1 )]
transform = Transform( 0.852868, 0, -0.522126, 0, 1, 0, 0.522126, 0, 0.852868, 3.08382, 0, 0.715462 )

[node name="StaticObstacle3" parent="Navigation/NavigationMeshInstance/ObstacleGroups/Group2" instance=ExtResource( 1 )]
transform = Transform( 0.774194, 0, -0.632949, 0, 1, 0, 0.632949, 0, 0.774194, 1.12374, 0, 3.06815 )

[node name="StaticObstacle4" parent="Navigation/NavigationMeshInstance/ObstacleGroups/Group2" instance=ExtResource( 1 )]
transform = Transform( 0.853642, 0, -0.520861, 0, 1, 0, 0.520861, 0, 0.853642, -2.47711, 9.53674e-07, 2.27733 )

[node name="StaticObstacle5" parent="Navigation/NavigationMeshInstance/ObstacleGroups/Group2" instance=ExtResource( 1 )]
transform = Transform( 0.853642, 0, -0.520861, 0, 1, 0, 0.520861, 0, 0.853642, -1.99963, 9.53674e-07, 7.25448 )

[node name="StaticObstacle6" parent="Navigation/NavigationMeshInstance/ObstacleGroups/Group2" instance=ExtResource( 1 )]
transform = Transform( 0.992713, 0, -0.120501, 0, 1, 0, 0.120501, 0, 0.992713, 1.8456, 9.53674e-07, 7.94792 )

[node name="StaticObstacle7" parent="Navigation/NavigationMeshInstance/ObstacleGroups/Group2" instance=ExtResource( 1 )]
transform = Transform( 0.818962, 0, -0.573848, 0, 1, 0, 0.573848, 0, 0.818962, 0.250387, 9.53674e-07, 12.791 )

[node name="StaticObstacle8" parent="Navigation/NavigationMeshInstance/ObstacleGroups/Group2" instance=ExtResource( 1 )]
transform = Transform( 0.818962, 0, -0.573848, 0, 1, 0, 0.573848, 0, 0.818962, 6.71246, 9.53674e-07, 11.5996 )

[node name="StaticObstacle9" parent="Navigation/NavigationMeshInstance/ObstacleGroups/Group2" instance=ExtResource( 1 )]
transform = Transform( 0.818962, 0, -0.573848, 0, 1, 0, 0.573848, 0, 0.818962, 8.16854, 9.53674e-07, 0.67336 )

[node name="StaticObstacle10" parent="Navigation/NavigationMeshInstance/ObstacleGroups/Group2" instance=ExtResource( 1 )]
transform = Transform( 0.818962, 0, -0.573848, 0, 1, 0, 0.573848, 0, 0.818962, 12.2634, 9.53674e-07, 3.5426 )

[node name="StaticObstacle11" parent="Navigation/NavigationMeshInstance/ObstacleGroups/Group2" instance=ExtResource( 1 )]
transform = Transform( 0.998842, 0, -0.0481175, 0, 1, 0, 0.0481175, 0, 0.998842, 14.8039, 9.53674e-07, 1.65956 )

[node name="StaticObstacle12" parent="Navigation/NavigationMeshInstance/ObstacleGroups/Group2" instance=ExtResource( 1 )]
transform = Transform( 0.933386, 0, -0.358873, 0, 1, 0, 0.358873, 0, 0.933386, 14.8986, 9.53674e-07, 4.6692 )

[node name="StaticObstacle13" parent="Navigation/NavigationMeshInstance/ObstacleGroups/Group2" instance=ExtResource( 1 )]
transform = Transform( 0.588942, 0, -0.808175, 0, 1, 0, 0.808175, 0, 0.588942, 13.0142, 9.53674e-07, 6.83018 )

[node name="StaticObstacle14" parent="Navigation/NavigationMeshInstance/ObstacleGroups/Group2" instance=ExtResource( 1 )]
transform = Transform( 0.588942, 0, -0.808175, 0, 1, 0, 0.808175, 0, 0.588942, 16.1556, 9.53674e-07, 6.11883 )

[node name="StaticObstacle15" parent="Navigation/NavigationMeshInstance/ObstacleGroups/Group2" instance=ExtResource( 1 )]
transform = Transform( 0.293323, 0, -0.956013, 0, 1, 0, 0.956013, 0, 0.293323, 14.6607, 9.53674e-07, 7.40827 )

[node name="StaticObstacle16" parent="Navigation/NavigationMeshInstance/ObstacleGroups/Group2" instance=ExtResource( 1 )]
transform = Transform( 0.293323, 0, -0.956013, 0, 1, 0, 0.956013, 0, 0.293323, 13.5879, -9.53674e-07, 13.2742 )

[node name="StaticObstacle17" parent="Navigation/NavigationMeshInstance/ObstacleGroups/Group2" instance=ExtResource( 1 )]
transform = Transform( 0.293323, 0, -0.956013, 0, 1, 0, 0.956013, 0, 0.293323, 6.83436, -2.86102e-06, 17.3344 )

[node name="StaticObstacle18" parent="Navigation/NavigationMeshInstance/ObstacleGroups/Group2" instance=ExtResource( 1 )]
transform = Transform( 0.605155, 0, -0.796107, 0, 1, 0, 0.796107, 0, 0.605155, 11.4497, -2.86102e-06, -5.32774 )

[node name="StaticObstacle19" parent="Navigation/NavigationMeshInstance/ObstacleGroups/Group2" instance=ExtResource( 1 )]
transform = Transform( 0.332474, 0, -0.943112, 0, 1, 0, 0.943112, 0, 0.332474, 4.18176, -2.86102e-06, -4.97526 )

[node name="StaticObstacle20" parent="Navigation/NavigationMeshInstance/ObstacleGroups/Group2" instance=ExtResource( 1 )]
transform = Transform( 0.00736535, 0, -0.999973, 0, 1, 0, 0.999973, 0, 0.00736535, -1.52164, -2.86102e-06, -6.94202 )

[node name="StaticObstacle21" parent="Navigation/NavigationMeshInstance/ObstacleGroups/Group2" instance=ExtResource( 1 )]
transform = Transform( 0.335435, 0, -0.942063, 0, 1, 0, 0.942063, 0, 0.335435, -6.79117, -2.86102e-06, -3.59816 )

[node name="StaticObstacle22" parent="Navigation/NavigationMeshInstance/ObstacleGroups/Group2" instance=ExtResource( 1 )]
transform = Transform( 0.766807, 0, -0.641878, 0, 1, 0, 0.641878, 0, 0.766807, -7.79758, -2.86102e-06, 3.97668 )

[node name="Group3" type="Spatial" parent="Navigation/NavigationMeshInstance/ObstacleGroups"]
transform = Transform( 0.971475, 0, 0.237143, 0, 1, 0, -0.237143, 0, 0.971475, -7.68133, 0, -101.568 )

[node name="StaticObstacle" parent="Navigation/NavigationMeshInstance/ObstacleGroups/Group3" instance=ExtResource( 1 )]

[node name="StaticObstacle2" parent="Navigation/NavigationMeshInstance/ObstacleGroups/Group3" instance=ExtResource( 1 )]
transform = Transform( 0.975511, 0, -0.219948, 0, 1, 0, 0.219948, 0, 0.975511, 3.08382, 0, 0.715464 )

[node name="StaticObstacle3" parent="Navigation/NavigationMeshInstance/ObstacleGroups/Group3" instance=ExtResource( 1 )]
transform = Transform( 0.774194, 0, -0.632949, 0, 1, 0, 0.632949, 0, 0.774194, 1.12374, 0, 3.06815 )

[node name="StaticObstacle4" parent="Navigation/NavigationMeshInstance/ObstacleGroups/Group3" instance=ExtResource( 1 )]
transform = Transform( 0.853642, 0, -0.520861, 0, 1, 0, 0.520861, 0, 0.853642, -2.47711, 9.53674e-07, 2.27733 )

[node name="StaticObstacle5" parent="Navigation/NavigationMeshInstance/ObstacleGroups/Group3" instance=ExtResource( 1 )]
transform = Transform( 0.853642, 0, -0.520861, 0, 1, 0, 0.520861, 0, 0.853642, -1.99963, 9.53674e-07, 7.25448 )

[node name="StaticObstacle6" parent="Navigation/NavigationMeshInstance/ObstacleGroups/Group3" instance=ExtResource( 1 )]
transform = Transform( 0.992713, 0, -0.120501, 0, 1, 0, 0.120501, 0, 0.992713, 1.8456, 9.53674e-07, 7.94792 )

[node name="StaticObstacle7" parent="Navigation/NavigationMeshInstance/ObstacleGroups/Group3" instance=ExtResource( 1 )]
transform = Transform( 0.818962, 0, -0.573848, 0, 1, 0, 0.573848, 0, 0.818962, 0.250387, 9.53674e-07, 12.791 )

[node name="StaticObstacle8" parent="Navigation/NavigationMeshInstance/ObstacleGroups/Group3" instance=ExtResource( 1 )]
transform = Transform( 0.818962, 0, -0.573848, 0, 1, 0, 0.573848, 0, 0.818962, 6.71246, 9.53674e-07, 11.5996 )

[node name="StaticObstacle9" parent="Navigation/NavigationMeshInstance/ObstacleGroups/Group3" instance=ExtResource( 1 )]
transform = Transform( 0.818962, 0, -0.573848, 0, 1, 0, 0.573848, 0, 0.818962, 8.16854, 9.53674e-07, 0.67336 )

[node name="StaticObstacle10" parent="Navigation/NavigationMeshInstance/ObstacleGroups/Group3" instance=ExtResource( 1 )]
transform = Transform( 0.818962, 0, -0.573848, 0, 1, 0, 0.573848, 0, 0.818962, 12.2634, 9.53674e-07, 3.5426 )

[node name="StaticObstacle11" parent="Navigation/NavigationMeshInstance/ObstacleGroups/Group3" instance=ExtResource( 1 )]
transform = Transform( 0.998842, 0, -0.0481175, 0, 1, 0, 0.0481175, 0, 0.998842, 14.8039, 9.53674e-07, 1.65956 )

[node name="StaticObstacle12" parent="Navigation/NavigationMeshInstance/ObstacleGroups/Group3" instance=ExtResource( 1 )]
transform = Transform( 0.933386, 0, -0.358873, 0, 1, 0, 0.358873, 0, 0.933386, 14.8986, 9.53674e-07, 4.6692 )

[node name="StaticObstacle13" parent="Navigation/NavigationMeshInstance/ObstacleGroups/Group3" instance=ExtResource( 1 )]
transform = Transform( 0.588942, 0, -0.808175, 0, 1, 0, 0.808175, 0, 0.588942, 13.0142, 9.53674e-07, 6.83018 )

[node name="StaticObstacle14" parent="Navigation/NavigationMeshInstance/ObstacleGroups/Group3" instance=ExtResource( 1 )]
transform = Transform( 0.588942, 0, -0.808175, 0, 1, 0, 0.808175, 0, 0.588942, 16.1556, 9.53674e-07, 6.11883 )

[node name="StaticObstacle15" parent="Navigation/NavigationMeshInstance/ObstacleGroups/Group3" instance=ExtResource( 1 )]
transform = Transform( 0.293323, 0, -0.956013, 0, 1, 0, 0.956013, 0, 0.293323, 14.6607, 9.53674e-07, 7.40827 )

[node name="StaticObstacle16" parent="Navigation/NavigationMeshInstance/ObstacleGroups/Group3" instance=ExtResource( 1 )]
transform = Transform( 0.293323, 0, -0.956013, 0, 1, 0, 0.956013, 0, 0.293323, 13.5879, -9.53674e-07, 13.2742 )

[node name="StaticObstacle17" parent="Navigation/NavigationMeshInstance/ObstacleGroups/Group3" instance=ExtResource( 1 )]
transform = Transform( 0.293323, 0, -0.956013, 0, 1, 0, 0.956013, 0, 0.293323, 6.83436, -2.86102e-06, 17.3344 )

[node name="StaticObstacle18" parent="Navigation/NavigationMeshInstance/ObstacleGroups/Group3" instance=ExtResource( 1 )]
transform = Transform( 0.605155, 0, -0.796107, 0, 1, 0, 0.796107, 0, 0.605155, 11.4497, -2.86102e-06, -5.32774 )

[node name="StaticObstacle19" parent="Navigation/NavigationMeshInstance/ObstacleGroups/Group3" instance=ExtResource( 1 )]
transform = Transform( 0.332474, 0, -0.943112, 0, 1, 0, 0.943112, 0, 0.332474, 4.18176, -2.86102e-06, -4.97526 )

[node name="StaticObstacle20" parent="Navigation/NavigationMeshInstance/ObstacleGroups/Group3" instance=ExtResource( 1 )]
transform = Transform( 0.00736535, 0, -0.999973, 0, 1, 0, 0.999973, 0, 0.00736535, -1.52164, -2.86102e-06, -6.94202 )

[node name="StaticObstacle21" parent="Navigation/NavigationMeshInstance/ObstacleGroups/Group3" instance=ExtResource( 1 )]
transform = Transform( 0.335435, 0, -0.942063, 0, 1, 0, 0.942063, 0, 0.335435, -6.79117, -2.86102e-06, -3.59816 )

[node name="StaticObstacle22" parent="Navigation/NavigationMeshInstance/ObstacleGroups/Group3" instance=ExtResource( 1 )]
transform = Transform( 0.766807, 0, -0.641878, 0, 1, 0, 0.641878, 0, 0.766807, -7.79758, -2.86102e-06, 3.97668 )

[node name="Group4" type="Spatial" parent="Navigation/NavigationMeshInstance/ObstacleGroups"]
transform = Transform( 0.974118, 0, -0.226039, 0, 1, 0, 0.226039, 0, 0.974118, -71.4137, 0, -114.49 )

[node name="StaticObstacle" parent="Navigation/NavigationMeshInstance/ObstacleGroups/Group4" instance=ExtResource( 1 )]

[node name="StaticObstacle2" parent="Navigation/NavigationMeshInstance/ObstacleGroups/Group4" instance=ExtResource( 1 )]
transform = Transform( 0.975511, 0, -0.219948, 0, 1, 0, 0.219948, 0, 0.975511, 3.08382, 0, 0.715464 )

[node name="StaticObstacle3" parent="Navigation/NavigationMeshInstance/ObstacleGroups/Group4" instance=ExtResource( 1 )]
transform = Transform( 0.774194, 0, -0.632949, 0, 1, 0, 0.632949, 0, 0.774194, 1.12374, 0, 3.06815 )

[node name="StaticObstacle4" parent="Navigation/NavigationMeshInstance/ObstacleGroups/Group4" instance=ExtResource( 1 )]
transform = Transform( 0.853642, 0, -0.520861, 0, 1, 0, 0.520861, 0, 0.853642, -2.47711, 9.53674e-07, 2.27733 )

[node name="StaticObstacle5" parent="Navigation/NavigationMeshInstance/ObstacleGroups/Group4" instance=ExtResource( 1 )]
transform = Transform( 0.853642, 0, -0.520861, 0, 1, 0, 0.520861, 0, 0.853642, -1.99963, 9.53674e-07, 7.25448 )

[node name="StaticObstacle6" parent="Navigation/NavigationMeshInstance/ObstacleGroups/Group4" instance=ExtResource( 1 )]
transform = Transform( 0.992713, 0, -0.120501, 0, 1, 0, 0.120501, 0, 0.992713, 1.8456, 9.53674e-07, 7.94792 )

[node name="StaticObstacle7" parent="Navigation/NavigationMeshInstance/ObstacleGroups/Group4" instance=ExtResource( 1 )]
transform = Transform( 0.818962, 0, -0.573848, 0, 1, 0, 0.573848, 0, 0.818962, 0.250387, 9.53674e-07, 12.791 )

[node name="StaticObstacle8" parent="Navigation/NavigationMeshInstance/ObstacleGroups/Group4" instance=ExtResource( 1 )]
transform = Transform( 0.818962, 0, -0.573848, 0, 1, 0, 0.573848, 0, 0.818962, 6.71246, 9.53674e-07, 11.5996 )

[node name="StaticObstacle9" parent="Navigation/NavigationMeshInstance/ObstacleGroups/Group4" instance=ExtResource( 1 )]
transform = Transform( 0.818962, 0, -0.573848, 0, 1, 0, 0.573848, 0, 0.818962, 8.16854, 9.53674e-07, 0.67336 )

[node name="StaticObstacle10" parent="Navigation/NavigationMeshInstance/ObstacleGroups/Group4" instance=ExtResource( 1 )]
transform = Transform( 0.818962, 0, -0.573848, 0, 1, 0, 0.573848, 0, 0.818962, 12.2634, 9.53674e-07, 3.5426 )

[node name="StaticObstacle11" parent="Navigation/NavigationMeshInstance/ObstacleGroups/Group4" instance=ExtResource( 1 )]
transform = Transform( 0.998842, 0, -0.0481175, 0, 1, 0, 0.0481175, 0, 0.998842, 14.8039, 9.53674e-07, 1.65956 )

[node name="StaticObstacle12" parent="Navigation/NavigationMeshInstance/ObstacleGroups/Group4" instance=ExtResource( 1 )]
transform = Transform( 0.933386, 0, -0.358873, 0, 1, 0, 0.358873, 0, 0.933386, 14.8986, 9.53674e-07, 4.6692 )

[node name="StaticObstacle13" parent="Navigation/NavigationMeshInstance/ObstacleGroups/Group4" instance=ExtResource( 1 )]
transform = Transform( 0.588942, 0, -0.808175, 0, 1, 0, 0.808175, 0, 0.588942, 13.0142, 9.53674e-07, 6.83018 )

[node name="StaticObstacle14" parent="Navigation/NavigationMeshInstance/ObstacleGroups/Group4" instance=ExtResource( 1 )]
transform = Transform( 0.588942, 0, -0.808175, 0, 1, 0, 0.808175, 0, 0.588942, 16.1556, 9.53674e-07, 6.11883 )

[node name="StaticObstacle15" parent="Navigation/NavigationMeshInstance/ObstacleGroups/Group4" instance=ExtResource( 1 )]
transform = Transform( 0.293323, 0, -0.956013, 0, 1, 0, 0.956013, 0, 0.293323, 14.6607, 9.53674e-07, 7.40827 )

[node name="StaticObstacle16" parent="Navigation/NavigationMeshInstance/ObstacleGroups/Group4" instance=ExtResource( 1 )]
transform = Transform( 0.293323, 0, -0.956013, 0, 1, 0, 0.956013, 0, 0.293323, 13.5879, -9.53674e-07, 13.2742 )

[node name="StaticObstacle17" parent="Navigation/NavigationMeshInstance/ObstacleGroups/Group4" instance=ExtResource( 1 )]
transform = Transform( 0.293323, 0, -0.956013, 0, 1, 0, 0.956013, 0, 0.293323, 6.83436, -2.86102e-06, 17.3344 )

[node name="StaticObstacle18" parent="Navigation/NavigationMeshInstance/ObstacleGroups/Group4" instance=ExtResource( 1 )]
transform = Transform( 0.605155, 0, -0.796107, 0, 1, 0, 0.796107, 0, 0.605155, 11.4497, -2.86102e-06, -5.32774 )

[node name="StaticObstacle19" parent="Navigation/NavigationMeshInstance/ObstacleGroups/Group4" instance=ExtResource( 1 )]
transform = Transform( 0.332474, 0, -0.943112, 0, 1, 0, 0.943112, 0, 0.332474, 4.18176, -2.86102e-06, -4.97526 )

[node name="StaticObstacle20" parent="Navigation/NavigationMeshInstance/ObstacleGroups/Group4" instance=ExtResource( 1 )]
transform = Transform( 0.00736535, 0, -0.999973, 0, 1, 0, 0.999973, 0, 0.00736535, -1.52164, -2.86102e-06, -6.94202 )

[node name="StaticObstacle21" parent="Navigation/NavigationMeshInstance/ObstacleGroups/Group4" instance=ExtResource( 1 )]
transform = Transform( 0.335435, 0, -0.942063, 0, 1, 0, 0.942063, 0, 0.335435, -6.79117, -2.86102e-06, -3.59816 )

[node name="StaticObstacle22" parent="Navigation/NavigationMeshInstance/ObstacleGroups/Group4" instance=ExtResource( 1 )]
transform = Transform( 0.766807, 0, -0.641878, 0, 1, 0, 0.641878, 0, 0.766807, -7.79758, -2.86102e-06, 3.97668 )

[node name="Group5" type="Spatial" parent="Navigation/NavigationMeshInstance/ObstacleGroups"]
transform = Transform( 0.724809, 0, 0.688949, 0, 1, 0, -0.688949, 0, 0.724809, -120.414, 0, -81.4902 )

[node name="StaticObstacle" parent="Navigation/NavigationMeshInstance/ObstacleGroups/Group5" instance=ExtResource( 1 )]

[node name="StaticObstacle2" parent="Navigation/NavigationMeshInstance/ObstacleGroups/Group5" instance=ExtResource( 1 )]
transform = Transform( 0.975511, 0, -0.219948, 0, 1, 0, 0.219948, 0, 0.975511, 3.08382, 0, 0.715464 )

[node name="StaticObstacle3" parent="Navigation/NavigationMeshInstance/ObstacleGroups/Group5" instance=ExtResource( 1 )]
transform = Transform( 0.774194, 0, -0.632949, 0, 1, 0, 0.632949, 0, 0.774194, 1.12374, 0, 3.06815 )

[node name="StaticObstacle4" parent="Navigation/NavigationMeshInstance/ObstacleGroups/Group5" instance=ExtResource( 1 )]
transform = Transform( 0.853642, 0, -0.520861, 0, 1, 0, 0.520861, 0, 0.853642, -2.47711, 9.53674e-07, 2.27733 )

[node name="StaticObstacle5" parent="Navigation/NavigationMeshInstance/ObstacleGroups/Group5" instance=ExtResource( 1 )]
transform = Transform( 0.853642, 0, -0.520861, 0, 1, 0, 0.520861, 0, 0.853642, -1.99963, 9.53674e-07, 7.25448 )

[node name="StaticObstacle6" parent="Navigation/NavigationMeshInstance/ObstacleGroups/Group5" instance=ExtResource( 1 )]
transform = Transform( 0.992713, 0, -0.120501, 0, 1, 0, 0.120501, 0, 0.992713, 1.8456, 9.53674e-07, 7.94792 )

[node name="StaticObstacle7" parent="Navigation/NavigationMeshInstance/ObstacleGroups/Group5" instance=ExtResource( 1 )]
transform = Transform( 0.818962, 0, -0.573848, 0, 1, 0, 0.573848, 0, 0.818962, 0.250387, 9.53674e-07, 12.791 )

[node name="StaticObstacle8" parent="Navigation/NavigationMeshInstance/ObstacleGroups/Group5" instance=ExtResource( 1 )]
transform = Transform( 0.818962, 0, -0.573848, 0, 1, 0, 0.573848, 0, 0.818962, 6.71246, 9.53674e-07, 11.5996 )

[node name="StaticObstacle9" parent="Navigation/NavigationMeshInstance/ObstacleGroups/Group5" instance=ExtResource( 1 )]
transform = Transform( 0.818962, 0, -0.573848, 0, 1, 0, 0.573848, 0, 0.818962, 8.16854, 9.53674e-07, 0.67336 )

[node name="StaticObstacle10" parent="Navigation/NavigationMeshInstance/ObstacleGroups/Group5" instance=ExtResource( 1 )]
transform = Transform( 0.818962, 0, -0.573848, 0, 1, 0, 0.573848, 0, 0.818962, 12.2634, 9.53674e-07, 3.5426 )

[node name="StaticObstacle11" parent="Navigation/NavigationMeshInstance/ObstacleGroups/Group5" instance=ExtResource( 1 )]
transform = Transform( 0.998842, 0, -0.0481175, 0, 1, 0, 0.0481175, 0, 0.998842, 14.8039, 9.53674e-07, 1.65956 )

[node name="StaticObstacle12" parent="Navigation/NavigationMeshInstance/ObstacleGroups/Group5" instance=ExtResource( 1 )]
transform = Transform( 0.933386, 0, -0.358873, 0, 1, 0, 0.358873, 0, 0.933386, 14.8986, 9.53674e-07, 4.6692 )

[node name="StaticObstacle13" parent="Navigation/NavigationMeshInstance/ObstacleGroups/Group5" instance=ExtResource( 1 )]
transform = Transform( 0.588942, 0, -0.808175, 0, 1, 0, 0.808175, 0, 0.588942, 13.0142, 9.53674e-07, 6.83018 )

[node name="StaticObstacle14" parent="Navigation/NavigationMeshInstance/ObstacleGroups/Group5" instance=ExtResource( 1 )]
transform = Transform( 0.588942, 0, -0.808175, 0, 1, 0, 0.808175, 0, 0.588942, 16.1556, 9.53674e-07, 6.11883 )

[node name="StaticObstacle15" parent="Navigation/NavigationMeshInstance/ObstacleGroups/Group5" instance=ExtResource( 1 )]
transform = Transform( 0.293323, 0, -0.956013, 0, 1, 0, 0.956013, 0, 0.293323, 14.6607, 9.53674e-07, 7.40827 )

[node name="StaticObstacle16" parent="Navigation/NavigationMeshInstance/ObstacleGroups/Group5" instance=ExtResource( 1 )]
transform = Transform( 0.293323, 0, -0.956013, 0, 1, 0, 0.956013, 0, 0.293323, 13.5879, -9.53674e-07, 13.2742 )

[node name="StaticObstacle17" parent="Navigation/NavigationMeshInstance/ObstacleGroups/Group5" instance=ExtResource( 1 )]
transform = Transform( 0.293323, 0, -0.956013, 0, 1, 0, 0.956013, 0, 0.293323, 6.83436, -2.86102e-06, 17.3344 )

[node name="StaticObstacle18" parent="Navigation/NavigationMeshInstance/ObstacleGroups/Group5" instance=ExtResource( 1 )]
transform = Transform( 0.605155, 0, -0.796107, 0, 1, 0, 0.796107, 0, 0.605155, 11.4497, -2.86102e-06, -5.32774 )

[node name="StaticObstacle19" parent="Navigation/NavigationMeshInstance/ObstacleGroups/Group5" instance=ExtResource( 1 )]
transform = Transform( 0.332474, 0, -0.943112, 0, 1, 0, 0.943112, 0, 0.332474, 4.18176, -2.86102e-06, -4.97526 )

[node name="StaticObstacle20" parent="Navigation/NavigationMeshInstance/ObstacleGroups/Group5" instance=ExtResource( 1 )]
transform = Transform( 0.00736535, 0, -0.999973, 0, 1, 0, 0.999973, 0, 0.00736535, -1.52164, -2.86102e-06, -6.94202 )

[node name="StaticObstacle21" parent="Navigation/NavigationMeshInstance/ObstacleGroups/Group5" instance=ExtResource( 1 )]
transform = Transform( 0.335435, 0, -0.942063, 0, 1, 0, 0.942063, 0, 0.335435, -6.79117, -2.86102e-06, -3.59816 )

[node name="StaticObstacle22" parent="Navigation/NavigationMeshInstance/ObstacleGroups/Group5" instance=ExtResource( 1 )]
transform = Transform( 0.766807, 0, -0.641878, 0, 1, 0, 0.641878, 0, 0.766807, -7.79758, -2.86102e-06, 3.97668 )

[node name="Group6" type="Spatial" parent="Navigation/NavigationMeshInstance/ObstacleGroups"]
transform = Transform( 0.956049, 0, -0.293206, 0, 1, 0, 0.293206, 0, 0.956049, -50.9229, 0, -50.8221 )

[node name="StaticObstacle" parent="Navigation/NavigationMeshInstance/ObstacleGroups/Group6" instance=ExtResource( 1 )]

[node name="StaticObstacle2" parent="Navigation/NavigationMeshInstance/ObstacleGroups/Group6" instance=ExtResource( 1 )]
transform = Transform( 0.975511, 0, -0.219948, 0, 1, 0, 0.219948, 0, 0.975511, 3.08382, 0, 0.715464 )

[node name="StaticObstacle3" parent="Navigation/NavigationMeshInstance/ObstacleGroups/Group6" instance=ExtResource( 1 )]
transform = Transform( 0.774194, 0, -0.632949, 0, 1, 0, 0.632949, 0, 0.774194, 1.12374, 0, 3.06815 )

[node name="StaticObstacle4" parent="Navigation/NavigationMeshInstance/ObstacleGroups/Group6" instance=ExtResource( 1 )]
transform = Transform( 0.853642, 0, -0.520861, 0, 1, 0, 0.520861, 0, 0.853642, -2.47711, 9.53674e-07, 2.27733 )

[node name="StaticObstacle5" parent="Navigation/NavigationMeshInstance/ObstacleGroups/Group6" instance=ExtResource( 1 )]
transform = Transform( 0.853642, 0, -0.520861, 0, 1, 0, 0.520861, 0, 0.853642, -1.99963, 9.53674e-07, 7.25448 )

[node name="StaticObstacle6" parent="Navigation/NavigationMeshInstance/ObstacleGroups/Group6" instance=ExtResource( 1 )]
transform = Transform( 0.992713, 0, -0.120501, 0, 1, 0, 0.120501, 0, 0.992713, 1.8456, 9.53674e-07, 7.94792 )

[node name="StaticObstacle7" parent="Navigation/NavigationMeshInstance/ObstacleGroups/Group6" instance=ExtResource( 1 )]
transform = Transform( 0.818962, 0, -0.573848, 0, 1, 0, 0.573848, 0, 0.818962, 0.250387, 9.53674e-07, 12.791 )

[node name="StaticObstacle8" parent="Navigation/NavigationMeshInstance/ObstacleGroups/Group6" instance=ExtResource( 1 )]
transform = Transform( 0.818962, 0, -0.573848, 0, 1, 0, 0.573848, 0, 0.818962, 6.71246, 9.53674e-07, 11.5996 )

[node name="StaticObstacle9" parent="Navigation/NavigationMeshInstance/ObstacleGroups/Group6" instance=ExtResource( 1 )]
transform = Transform( 0.818962, 0, -0.573848, 0, 1, 0, 0.573848, 0, 0.818962, 8.16854, 9.53674e-07, 0.67336 )

[node name="StaticObstacle10" parent="Navigation/NavigationMeshInstance/ObstacleGroups/Group6" instance=ExtResource( 1 )]
transform = Transform( 0.818962, 0, -0.573848, 0, 1, 0, 0.573848, 0, 0.818962, 12.2634, 9.53674e-07, 3.5426 )

[node name="StaticObstacle11" parent="Navigation/NavigationMeshInstance/ObstacleGroups/Group6" instance=ExtResource( 1 )]
transform = Transform( 0.998842, 0, -0.0481175, 0, 1, 0, 0.0481175, 0, 0.998842, 14.8039, 9.53674e-07, 1.65956 )

[node name="StaticObstacle12" parent="Navigation/NavigationMeshInstance/ObstacleGroups/Group6" instance=ExtResource( 1 )]
transform = Transform( 0.933386, 0, -0.358873, 0, 1, 0, 0.358873, 0, 0.933386, 14.8986, 9.53674e-07, 4.6692 )

[node name="StaticObstacle13" parent="Navigation/NavigationMeshInstance/ObstacleGroups/Group6" instance=ExtResource( 1 )]
transform = Transform( 0.588942, 0, -0.808175, 0, 1, 0, 0.808175, 0, 0.588942, 13.0142, 9.53674e-07, 6.83018 )

[node name="StaticObstacle14" parent="Navigation/NavigationMeshInstance/ObstacleGroups/Group6" instance=ExtResource( 1 )]
transform = Transform( 0.588942, 0, -0.808175, 0, 1, 0, 0.808175, 0, 0.588942, 16.1556, 9.53674e-07, 6.11883 )

[node name="StaticObstacle15" parent="Navigation/NavigationMeshInstance/ObstacleGroups/Group6" instance=ExtResource( 1 )]
transform = Transform( 0.293323, 0, -0.956013, 0, 1, 0, 0.956013, 0, 0.293323, 14.6607, 9.53674e-07, 7.40827 )

[node name="StaticObstacle16" parent="Navigation/NavigationMeshInstance/ObstacleGroups/Group6" instance=ExtResource( 1 )]
transform = Transform( 0.293323, 0, -0.956013, 0, 1, 0, 0.956013, 0, 0.293323, 13.5879, -9.53674e-07, 13.2742 )

[node name="StaticObstacle17" parent="Navigation/NavigationMeshInstance/ObstacleGroups/Group6" instance=ExtResource( 1 )]
transform = Transform( 0.293323, 0, -0.956013, 0, 1, 0, 0.956013, 0, 0.293323, 6.83436, -2.86102e-06, 17.3344 )

[node name="StaticObstacle18" parent="Navigation/NavigationMeshInstance/ObstacleGroups/Group6" instance=ExtResource( 1 )]
transform = Transform( 0.605155, 0, -0.796107, 0, 1, 0, 0.796107, 0, 0.605155, 11.4497, -2.86102e-06, -5.32774 )

[node name="StaticObstacle19" parent="Navigation/NavigationMeshInstance/ObstacleGroups/Group6" instance=ExtResource( 1 )]
transform = Transform( 0.332474, 0, -0.943112, 0, 1, 0, 0.943112, 0, 0.332474, 4.18176, -2.86102e-06, -4.97526 )

[node name="StaticObstacle20" parent="Navigation/NavigationMeshInstance/ObstacleGroups/Group6" instance=ExtResource( 1 )]
transform = Transform( 0.00736535, 0, -0.999973, 0, 1, 0, 0.999973, 0, 0.00736535, -1.52164, -2.86102e-06, -6.94202 )

[node name="StaticObstacle21" parent="Navigation/NavigationMeshInstance/ObstacleGroups/Group6" instance=ExtResource( 1 )]
transform = Transform( 0.335435, 0, -0.942063, 0, 1, 0, 0.942063, 0, 0.335435, -6.79117, -2.86102e-06, -3.59816 )

[node name="StaticObstacle22" parent="Navigation/NavigationMeshInstance/ObstacleGroups/Group6" instance=ExtResource( 1 )]
transform = Transform( 0.766807, 0, -0.641878, 0, 1, 0, 0.641878, 0, 0.766807, -7.79758, -2.86102e-06, 3.97668 )

[node name="Group7" type="Spatial" parent="Navigation/NavigationMeshInstance/ObstacleGroups"]
transform = Transform( 0.00565486, 0, -0.999984, 0, 1, 0, 0.999984, 0, 0.00565486, 25.0771, 0, -139.822 )

[node name="StaticObstacle" parent="Navigation/NavigationMeshInstance/ObstacleGroups/Group7" instance=ExtResource( 1 )]

[node name="StaticObstacle2" parent="Navigation/NavigationMeshInstance/ObstacleGroups/Group7" instance=ExtResource( 1 )]
transform = Transform( 0.975511, 0, -0.219948, 0, 1, 0, 0.219948, 0, 0.975511, 3.08382, 0, 0.715464 )

[node name="StaticObstacle3" parent="Navigation/NavigationMeshInstance/ObstacleGroups/Group7" instance=ExtResource( 1 )]
transform = Transform( 0.774194, 0, -0.632949, 0, 1, 0, 0.632949, 0, 0.774194, 1.12374, 0, 3.06815 )

[node name="StaticObstacle4" parent="Navigation/NavigationMeshInstance/ObstacleGroups/Group7" instance=ExtResource( 1 )]
transform = Transform( 0.853642, 0, -0.520861, 0, 1, 0, 0.520861, 0, 0.853642, -2.47711, 9.53674e-07, 2.27733 )

[node name="StaticObstacle5" parent="Navigation/NavigationMeshInstance/ObstacleGroups/Group7" instance=ExtResource( 1 )]
transform = Transform( 0.853642, 0, -0.520861, 0, 1, 0, 0.520861, 0, 0.853642, -1.99963, 9.53674e-07, 7.25448 )

[node name="StaticObstacle6" parent="Navigation/NavigationMeshInstance/ObstacleGroups/Group7" instance=ExtResource( 1 )]
transform = Transform( 0.992713, 0, -0.120501, 0, 1, 0, 0.120501, 0, 0.992713, 1.8456, 9.53674e-07, 7.94792 )

[node name="StaticObstacle7" parent="Navigation/NavigationMeshInstance/ObstacleGroups/Group7" instance=ExtResource( 1 )]
transform = Transform( 0.818962, 0, -0.573848, 0, 1, 0, 0.573848, 0, 0.818962, 0.250387, 9.53674e-07, 12.791 )

[node name="StaticObstacle8" parent="Navigation/NavigationMeshInstance/ObstacleGroups/Group7" instance=ExtResource( 1 )]
transform = Transform( 0.818962, 0, -0.573848, 0, 1, 0, 0.573848, 0, 0.818962, 6.71246, 9.53674e-07, 11.5996 )

[node name="StaticObstacle9" parent="Navigation/NavigationMeshInstance/ObstacleGroups/Group7" instance=ExtResource( 1 )]
transform = Transform( 0.818962, 0, -0.573848, 0, 1, 0, 0.573848, 0, 0.818962, 8.16854, 9.53674e-07, 0.67336 )

[node name="StaticObstacle10" parent="Navigation/NavigationMeshInstance/ObstacleGroups/Group7" instance=ExtResource( 1 )]
transform = Transform( 0.818962, 0, -0.573848, 0, 1, 0, 0.573848, 0, 0.818962, 12.2634, 9.53674e-07, 3.5426 )

[node name="StaticObstacle11" parent="Navigation/NavigationMeshInstance/ObstacleGroups/Group7" instance=ExtResource( 1 )]
transform = Transform( 0.998842, 0, -0.0481175, 0, 1, 0, 0.0481175, 0, 0.998842, 14.8039, 9.53674e-07, 1.65956 )

[node name="StaticObstacle12" parent="Navigation/NavigationMeshInstance/ObstacleGroups/Group7" instance=ExtResource( 1 )]
transform = Transform( 0.933386, 0, -0.358873, 0, 1, 0, 0.358873, 0, 0.933386, 14.8986, 9.53674e-07, 4.6692 )

[node name="StaticObstacle13" parent="Navigation/NavigationMeshInstance/ObstacleGroups/Group7" instance=ExtResource( 1 )]
transform = Transform( 0.588942, 0, -0.808175, 0, 1, 0, 0.808175, 0, 0.588942, 13.0142, 9.53674e-07, 6.83018 )

[node name="StaticObstacle14" parent="Navigation/NavigationMeshInstance/ObstacleGroups/Group7" instance=ExtResource( 1 )]
transform = Transform( 0.588942, 0, -0.808175, 0, 1, 0, 0.808175, 0, 0.588942, 16.1556, 9.53674e-07, 6.11883 )

[node name="StaticObstacle15" parent="Navigation/NavigationMeshInstance/ObstacleGroups/Group7" instance=ExtResource( 1 )]
transform = Transform( 0.293323, 0, -0.956013, 0, 1, 0, 0.956013, 0, 0.293323, 14.6607, 9.53674e-07, 7.40827 )

[node name="StaticObstacle16" parent="Navigation/NavigationMeshInstance/ObstacleGroups/Group7" instance=ExtResource( 1 )]
transform = Transform( 0.293323, 0, -0.956013, 0, 1, 0, 0.956013, 0, 0.293323, 13.5879, -9.53674e-07, 13.2742 )

[node name="StaticObstacle17" parent="Navigation/NavigationMeshInstance/ObstacleGroups/Group7" instance=ExtResource( 1 )]
transform = Transform( 0.293323, 0, -0.956013, 0, 1, 0, 0.956013, 0, 0.293323, 6.83436, -2.86102e-06, 17.3344 )

[node name="StaticObstacle18" parent="Navigation/NavigationMeshInstance/ObstacleGroups/Group7" instance=ExtResource( 1 )]
transform = Transform( 0.605155, 0, -0.796107, 0, 1, 0, 0.796107, 0, 0.605155, 11.4497, -2.86102e-06, -5.32774 )

[node name="StaticObstacle19" parent="Navigation/NavigationMeshInstance/ObstacleGroups/Group7" instance=ExtResource( 1 )]
transform = Transform( 0.332474, 0, -0.943112, 0, 1, 0, 0.943112, 0, 0.332474, 4.18176, -2.86102e-06, -4.97526 )

[node name="StaticObstacle20" parent="Navigation/NavigationMeshInstance/ObstacleGroups/Group7" instance=ExtResource( 1 )]
transform = Transform( 0.00736535, 0, -0.999973, 0, 1, 0, 0.999973, 0, 0.00736535, -1.52164, -2.86102e-06, -6.94202 )

[node name="StaticObstacle21" parent="Navigation/NavigationMeshInstance/ObstacleGroups/Group7" instance=ExtResource( 1 )]
transform = Transform( 0.335435, 0, -0.942063, 0, 1, 0, 0.942063, 0, 0.335435, -6.79117, -2.86102e-06, -3.59816 )

[node name="StaticObstacle22" parent="Navigation/NavigationMeshInstance/ObstacleGroups/Group7" instance=ExtResource( 1 )]
transform = Transform( 0.766807, 0, -0.641878, 0, 1, 0, 0.641878, 0, 0.766807, -7.79758, -2.86102e-06, 3.97668 )

[node name="Group8" type="Spatial" parent="Navigation/NavigationMeshInstance/ObstacleGroups"]
transform = Transform( 0.985871, 0, 0.167509, 0, 1, 0, -0.167509, 0, 0.985871, 47.9105, 0, -88.9959 )

[node name="StaticObstacle" parent="Navigation/NavigationMeshInstance/ObstacleGroups/Group8" instance=ExtResource( 1 )]

[node name="StaticObstacle2" parent="Navigation/NavigationMeshInstance/ObstacleGroups/Group8" instance=ExtResource( 1 )]
transform = Transform( 0.975511, 0, -0.219948, 0, 1, 0, 0.219948, 0, 0.975511, 3.08382, 0, 0.715464 )

[node name="StaticObstacle3" parent="Navigation/NavigationMeshInstance/ObstacleGroups/Group8" instance=ExtResource( 1 )]
transform = Transform( 0.774194, 0, -0.632949, 0, 1, 0, 0.632949, 0, 0.774194, 1.12374, 0, 3.06815 )

[node name="StaticObstacle4" parent="Navigation/NavigationMeshInstance/ObstacleGroups/Group8" instance=ExtResource( 1 )]
transform = Transform( 0.853642, 0, -0.520861, 0, 1, 0, 0.520861, 0, 0.853642, -2.47711, 9.53674e-07, 2.27733 )

[node name="StaticObstacle5" parent="Navigation/NavigationMeshInstance/ObstacleGroups/Group8" instance=ExtResource( 1 )]
transform = Transform( 0.853642, 0, -0.520861, 0, 1, 0, 0.520861, 0, 0.853642, -1.99963, 9.53674e-07, 7.25448 )

[node name="StaticObstacle6" parent="Navigation/NavigationMeshInstance/ObstacleGroups/Group8" instance=ExtResource( 1 )]
transform = Transform( 0.992713, 0, -0.120501, 0, 1, 0, 0.120501, 0, 0.992713, 1.8456, 9.53674e-07, 7.94792 )

[node name="StaticObstacle7" parent="Navigation/NavigationMeshInstance/ObstacleGroups/Group8" instance=ExtResource( 1 )]
transform = Transform( 0.818962, 0, -0.573848, 0, 1, 0, 0.573848, 0, 0.818962, 0.250387, 9.53674e-07, 12.791 )

[node name="StaticObstacle8" parent="Navigation/NavigationMeshInstance/ObstacleGroups/Group8" instance=ExtResource( 1 )]
transform = Transform( 0.818962, 0, -0.573848, 0, 1, 0, 0.573848, 0, 0.818962, 6.71246, 9.53674e-07, 11.5996 )

